 0  0    0    0     1.12252
 0  0    0    1     1.15961
 0  0    0    2     1.18292
 0  0    0    3     1.12665
 0  0    0    4     1.27936
 0  0    0    5     1.2707
 0  0    0    6     1.38981
 0  0    0    7     1.30253
 0  0    0    8     1.49966
 0  0    0    9     1.29765
 0  0    0    10     1.20214
 0  0    0    11     1.31705
 0  0    0    12     1.00732
 0  0    0    13     1.3363
 0  0    0    14     1.15227
 0  0    0    15     1.20708
 0  0    0    16     1.11928
 0  0    0    17     1.32955
 0  0    0    18     1.31654
 0  0    0    19     1.23654
 0  0    0    20     1.28464
 0  0    0    21     1.88655
 0  0    0    22     1.61207
 0  0    0    23     1.32735
 0  0    0    24     1.34984
 0  0    0    25     1.57201
 0  0    0    26     1.77997
 0  0    0    27     1.21714
 0  0    0    28     1.70882
 0  0    0    29     1.30086
 0  0    0    30     1.25663
 0  0    0    31     1.27552
 0  0    1    0     1.3189
 0  0    1    1     1.46561
 0  0    1    2     1.26612
 0  0    1    3     0.853394
 0  0    1    4     1.26931
 0  0    1    5     1.41856
 0  0    1    6     1.19623
 0  0    1    7     1.04483
 0  0    1    8     1.22221
 0  0    1    9     1.18426
 0  0    1    10     1.03273
 0  0    1    11     1.08562
 0  0    1    12     1.26103
 0  0    1    13     1.47191
 0  0    1    14     1.59359
 0  0    1    15     1.24497
 0  0    1    16     1.5504
 0  0    1    17     1.54152
 0  0    1    18     1.50306
 0  0    1    19     1.28172
 0  0    1    20     1.1869
 0  0    1    21     1.0402
 0  0    1    22     1.02027
 0  0    1    23     1.17187
 0  0    1    24     1.0794
 0  0    1    25     1.03632
 0  0    1    26     1.03748
 0  0    1    27     1.17845
 0  0    1    28     1.19003
 0  0    1    29     0.965723
 0  0    1    30     0.958165
 0  0    1    31     1.39009
 0  0    2    0     0.875369
 0  0    2    1     0.970394
 0  0    2    2     1.19445
 0  0    2    3     1.64214
 0  0    2    4     0.977293
 0  0    2    5     1.02865
 0  0    2    6     1.08184
 0  0    2    7     0.980242
 0  0    2    8     1.1557
 0  0    2    9     1.23862
 0  0    2    10     1.02529
 0  0    2    11     1.35776
 0  0    2    12     1.31884
 0  0    2    13     1.23822
 0  0    2    14     1.22327
 0  0    2    15     1.28075
 0  0    2    16     1.21192
 0  0    2    17     1.1798
 0  0    2    18     1.21185
 0  0    2    19     1.12026
 0  0    2    20     1.09053
 0  0    2    21     1.3265
 0  0    2    22     1.30208
 0  0    2    23     1.28972
 0  0    2    24     1.11516
 0  0    2    25     1.27524
 0  0    2    26     1.16453
 0  0    2    27     1.24073
 0  0    2    28     1.24865
 0  0    2    29     1.50079
 0  0    2    30     1.44117
 0  0    2    31     0.994091
 0  0    3    0     1.77751
 0  0    3    1     1.08665
 0  0    3    2     1.10853
 0  0    3    3     1.11474
 0  0    3    4     1.11447
 0  0    3    5     0.990358
 0  0    3    6     1.09299
 0  0    3    7     1.16038
 0  0    3    8     1.15983
 0  0    3    9     1.02926
 0  0    3    10     1.03407
 0  0    3    11     1.0876
 0  0    3    12     1.12503
 0  0    3    13     1.3622
 0  0    3    14     1.24363
 0  0    3    15     1.62642
 0  0    3    16     1.24227
 0  0    3    17     1.17441
 0  0    3    18     1.41696
 0  0    3    19     1.51926
 0  0    3    20     1.22784
 0  0    3    21     1.13421
 0  0    3    22     1.15424
 0  0    3    23     1.30459
 0  0    3    24     1.35673
 0  0    3    25     1.18289
 0  0    3    26     1.1096
 0  0    3    27     1.65996
 0  0    3    28     0.979597
 0  0    3    29     1.56244
 0  0    3    30     1.40842
 0  0    3    31     1.03229
 0  0    4    0     1.08861
 0  0    4    1     1.34024
 0  0    4    2     1.33677
 0  0    4    3     0.936244
 0  0    4    4     1.29191
 0  0    4    5     1.29672
 0  0    4    6     1.34656
 0  0    4    7     1.34408
 0  0    4    8     1.11333
 0  0    4    9     1.22538
 0  0    4    10     1.43111
 0  0    4    11     1.27624
 0  0    4    12     1.55155
 0  0    4    13     1.24657
 0  0    4    14     1.31232
 0  0    4    15     1.21281
 0  0    4    16     1.42519
 0  0    4    17     1.23075
 0  0    4    18     1.24037
 0  0    4    19     1.14007
 0  0    4    20     1.31048
 0  0    4    21     1.51799
 0  0    4    22     1.28454
 0  0    4    23     1.35413
 0  0    4    24     1.35208
 0  0    4    25     1.28184
 0  0    4    26     1.55814
 0  0    4    27     1.23673
 0  0    4    28     0.999376
 0  0    4    29     1.181
 0  0    4    30     1.18202
 0  0    4    31     1.33295
 0  0    5    0     1.54444
 0  0    5    1     1.23764
 0  0    5    2     1.23438
 0  0    5    3     1.07074
 0  0    5    4     1.236
 0  0    5    5     0.944081
 0  0    5    6     1.17039
 0  0    5    7     1.21657
 0  0    5    8     1.16184
 0  0    5    9     1.17962
 0  0    5    10     1.13741
 0  0    5    11     1.13151
 0  0    5    12     1.20749
 0  0    5    13     1.08179
 0  0    5    14     1.05732
 0  0    5    15     1.55765
 0  0    5    16     1.32582
 0  0    5    17     1.62777
 0  0    5    18     1.0902
 0  0    5    19     1.49977
 0  0    5    20     1.77717
 0  0    5    21     1.7221
 0  0    5    22     1.25611
 0  0    5    23     1.08637
 0  0    5    24     1.77226
 0  0    5    25     1.7571
 0  0    5    26     1.06145
 0  0    5    27     1.08857
 0  0    5    28     1.1715
 0  0    5    29     1.88097
 0  0    5    30     1.63276
 0  0    5    31     1.10081
 0  0    6    0     1.21268
 0  0    6    1     1.05442
 0  0    6    2     0.895558
 0  0    6    3     1.3417
 0  0    6    4     1.35529
 0  0    6    5     1.32707
 0  0    6    6     1.53101
 0  0    6    7     1.13878
 0  0    6    8     1.32595
 0  0    6    9     1.34146
 0  0    6    10     1.51213
 0  0    6    11     0.991093
 0  0    6    12     1.80663
 0  0    6    13     1.16879
 0  0    6    14     1.26645
 0  0    6    15     0.994703
 0  0    6    16     1.85747
 0  0    6    17     1.27312
 0  0    6    18     1.19851
 0  0    6    19     0.950187
 0  0    6    20     1.06781
 0  0    6    21     1.36645
 0  0    6    22     1.0819
 0  0    6    23     0.966922
 0  0    6    24     1.12029
 0  0    6    25     1.08628
 0  0    6    26     1.02462
 0  0    6    27     1.00171
 0  0    6    28     1.44055
 0  0    6    29     1.66556
 0  0    6    30     1.16306
 0  0    6    31     1.48029
 0  0    7    0     1.21631
 0  0    7    1     1.34673
 0  0    7    2     1.26761
 0  0    7    3     0.979602
 0  0    7    4     1.12295
 0  0    7    5     1.20569
 0  0    7    6     1.12323
 0  0    7    7     1.28434
 0  0    7    8     1.0225
 0  0    7    9     1.08765
 0  0    7    10     1.15179
 0  0    7    11     1.20535
 0  0    7    12     1.03504
 0  0    7    13     1.27382
 0  0    7    14     1.01564
 0  0    7    15     1.09222
 0  0    7    16     0.926561
 0  0    7    17     0.989954
 0  0    7    18     1.04054
 0  0    7    19     1.00805
 0  0    7    20     0.980526
 0  0    7    21     1.16908
 0  0    7    22     1.09628
 0  0    7    23     1.17443
 0  0    7    24     1.03893
 0  0    7    25     1.1006
 0  0    7    26     0.957915
 0  0    7    27     1.16402
 0  0    7    28     1.2857
 0  0    7    29     1.25006
 0  0    7    30     1.07426
 0  0    7    31     1.1355
 0  0    8    0     1.00096
 0  0    8    1     1.47231
 0  0    8    2     1.34264
 0  0    8    3     0.973558
 0  0    8    4     1.48492
 0  0    8    5     1.34784
 0  0    8    6     1.38018
 0  0    8    7     1.22461
 0  0    8    8     1.22582
 0  0    8    9     1.18328
 0  0    8    10     1.19791
 0  0    8    11     1.31427
 0  0    8    12     1.01636
 0  0    8    13     1.27795
 0  0    8    14     1.21602
 0  0    8    15     1.82488
 0  0    8    16     0.969632
 0  0    8    17     1.40732
 0  0    8    18     1.24817
 0  0    8    19     1.29117
 0  0    8    20     1.32577
 0  0    8    21     1.2371
 0  0    8    22     1.24478
 0  0    8    23     1.2179
 0  0    8    24     1.23826
 0  0    8    25     1.1904
 0  0    8    26     1.40223
 0  0    8    27     1.24476
 0  0    8    28     1.11114
 0  0    8    29     0.942286
 0  0    8    30     1.15584
 0  0    8    31     1.54034
 0  0    9    0     0.985387
 0  0    9    1     1.14505
 0  0    9    2     1.17276
 0  0    9    3     1.46318
 0  0    9    4     1.30134
 0  0    9    5     1.43362
 0  0    9    6     1.43849
 0  0    9    7     1.3827
 0  0    9    8     1.25275
 0  0    9    9     1.46569
 0  0    9    10     1.38785
 0  0    9    11     1.24543
 0  0    9    12     1.2743
 0  0    9    13     1.7339
 0  0    9    14     1.42894
 0  0    9    15     1.11667
 0  0    9    16     1.41575
 0  0    9    17     1.5138
 0  0    9    18     1.26006
 0  0    9    19     1.06652
 0  0    9    20     1.20202
 0  0    9    21     1.43146
 0  0    9    22     1.15458
 0  0    9    23     1.20078
 0  0    9    24     1.13897
 0  0    9    25     1.28155
 0  0    9    26     1.19021
 0  0    9    27     1.06672
 0  0    9    28     1.07127
 0  0    9    29     1.18845
 0  0    9    30     1.36683
 0  0    9    31     1.0378
 0  0    10    0     1.16297
 0  0    10    1     1.87233
 0  0    10    2     1.46361
 0  0    10    3     0.896389
 0  0    10    4     1.27842
 0  0    10    5     1.53607
 0  0    10    6     1.39021
 0  0    10    7     0.929661
 0  0    10    8     1.26431
 0  0    10    9     1.30666
 0  0    10    10     1.26221
 0  0    10    11     1.44033
 0  0    10    12     0.921962
 0  0    10    13     1.24073
 0  0    10    14     1.18463
 0  0    10    15     1.31453
 0  0    10    16     1.09572
 0  0    10    17     1.2774
 0  0    10    18     1.18008
 0  0    10    19     1.30539
 0  0    10    20     0.965057
 0  0    10    21     1.19187
 0  0    10    22     1.2653
 0  0    10    23     1.27533
 0  0    10    24     1.27761
 0  0    10    25     1.26284
 0  0    10    26     1.14012
 0  0    10    27     1.28512
 0  0    10    28     1.252
 0  0    10    29     1.28158
 0  0    10    30     1.12822
 0  0    10    31     1.25407
 0  0    11    0     1.51537
 0  0    11    1     1.64331
 0  0    11    2     1.21677
 0  0    11    3     1.39801
 0  0    11    4     1.36898
 0  0    11    5     1.74057
 0  0    11    6     1.21916
 0  0    11    7     0.813013
 0  0    11    8     1.35623
 0  0    11    9     1.66133
 0  0    11    10     1.14587
 0  0    11    11     1.09435
 0  0    11    12     1.51265
 0  0    11    13     1.13832
 0  0    11    14     1.10424
 0  0    11    15     0.843958
 0  0    11    16     1.52566
 0  0    11    17     1.19263
 0  0    11    18     1.09403
 0  0    11    19     0.825472
 0  0    11    20     0.836484
 0  0    11    21     0.966167
 0  0    11    22     1.2124
 0  0    11    23     1.43388
 0  0    11    24     1.36356
 0  0    11    25     1.07345
 0  0    11    26     1.06692
 0  0    11    27     1.29708
 0  0    11    28     1.25965
 0  0    11    29     1.24939
 0  0    11    30     1.18963
 0  0    11    31     1.22339
 0  0    12    0     1.40421
 0  0    12    1     1.11657
 0  0    12    2     1.02424
 0  0    12    3     1.21623
 0  0    12    4     0.930989
 0  0    12    5     1.28482
 0  0    12    6     1.38829
 0  0    12    7     1.6408
 0  0    12    8     1.07993
 0  0    12    9     1.50405
 0  0    12    10     1.45981
 0  0    12    11     1.57627
 0  0    12    12     0.863311
 0  0    12    13     1.3914
 0  0    12    14     1.61764
 0  0    12    15     1.98452
 0  0    12    16     0.877221
 0  0    12    17     1.80159
 0  0    12    18     1.68028
 0  0    12    19     1.87975
 0  0    12    20     1.56656
 0  0    12    21     1.27545
 0  0    12    22     1.93827
 0  0    12    23     1.22174
 0  0    12    24     1.32592
 0  0    12    25     1.35167
 0  0    12    26     1.4172
 0  0    12    27     1.13868
 0  0    12    28     1.03982
 0  0    12    29     1.34371
 0  0    12    30     1.29697
 0  0    12    31     1.02609
 0  0    13    0     1.09328
 0  0    13    1     0.942308
 0  0    13    2     1.2355
 0  0    13    3     1.81188
 0  0    13    4     1.55831
 0  0    13    5     1.25443
 0  0    13    6     1.32685
 0  0    13    7     1.32398
 0  0    13    8     1.36112
 0  0    13    9     1.25463
 0  0    13    10     1.29616
 0  0    13    11     1.36202
 0  0    13    12     1.57059
 0  0    13    13     1.27519
 0  0    13    14     1.32913
 0  0    13    15     1.28543
 0  0    13    16     1.19525
 0  0    13    17     1.16782
 0  0    13    18     1.19865
 0  0    13    19     1.40674
 0  0    13    20     0.979973
 0  0    13    21     1.37154
 0  0    13    22     1.42698
 0  0    13    23     1.33212
 0  0    13    24     0.948677
 0  0    13    25     1.33993
 0  0    13    26     1.09017
 0  0    13    27     1.24032
 0  0    13    28     0.964222
 0  0    13    29     1.57029
 0  0    13    30     1.11735
 0  0    13    31     1.49214
 0  0    14    0     1.1394
 0  0    14    1     1.29052
 0  0    14    2     1.39992
 0  0    14    3     1.42484
 0  0    14    4     1.41038
 0  0    14    5     1.25714
 0  0    14    6     1.22859
 0  0    14    7     1.33987
 0  0    14    8     1.27148
 0  0    14    9     1.24735
 0  0    14    10     1.36753
 0  0    14    11     1.19123
 0  0    14    12     1.35705
 0  0    14    13     1.35649
 0  0    14    14     1.32935
 0  0    14    15     1.04339
 0  0    14    16     1.24001
 0  0    14    17     1.37623
 0  0    14    18     1.42614
 0  0    14    19     1.09484
 0  0    14    20     1.13974
 0  0    14    21     1.85687
 0  0    14    22     1.80401
 0  0    14    23     1.23495
 0  0    14    24     1.33546
 0  0    14    25     1.85207
 0  0    14    26     1.48582
 0  0    14    27     1.33065
 0  0    14    28     1.27385
 0  0    14    29     1.44968
 0  0    14    30     1.44266
 0  0    14    31     1.82807
 0  0    15    0     1.16253
 0  0    15    1     1.18051
 0  0    15    2     1.33354
 0  0    15    3     1.20089
 0  0    15    4     0.912254
 0  0    15    5     1.4615
 0  0    15    6     1.4241
 0  0    15    7     1.32903
 0  0    15    8     1.0226
 0  0    15    9     1.62
 0  0    15    10     1.2771
 0  0    15    11     1.26647
 0  0    15    12     0.9664
 0  0    15    13     1.33965
 0  0    15    14     1.14628
 0  0    15    15     1.54598
 0  0    15    16     0.911597
 0  0    15    17     1.33641
 0  0    15    18     1.09688
 0  0    15    19     1.59041
 0  0    15    20     0.833059
 0  0    15    21     1.13324
 0  0    15    22     1.03561
 0  0    15    23     1.2303
 0  0    15    24     0.89401
 0  0    15    25     1.1836
 0  0    15    26     1.06709
 0  0    15    27     0.941116
 0  0    15    28     1.17125
 0  0    15    29     1.04033
 0  0    15    30     0.948999
 0  0    15    31     0.967584
 0  0    16    0     1.24271
 0  0    16    1     1.31735
 0  0    16    2     1.266
 0  0    16    3     1.15352
 0  0    16    4     1.24737
 0  0    16    5     1.08045
 0  0    16    6     1.05643
 0  0    16    7     1.25614
 0  0    16    8     1.21471
 0  0    16    9     1.03173
 0  0    16    10     1.05184
 0  0    16    11     1.37018
 0  0    16    12     1.52317
 0  0    16    13     1.41243
 0  0    16    14     0.85457
 0  0    16    15     1.64993
 0  0    16    16     1.44614
 0  0    16    17     1.38009
 0  0    16    18     1.30045
 0  0    16    19     1.23958
 0  0    16    20     0.982565
 0  0    16    21     1.15806
 0  0    16    22     1.07039
 0  0    16    23     1.2933
 0  0    16    24     0.929437
 0  0    16    25     1.10692
 0  0    16    26     0.969024
 0  0    16    27     1.34132
 0  0    16    28     1.09865
 0  0    16    29     0.853054
 0  0    16    30     0.991705
 0  0    16    31     0.863107
 0  0    17    0     1.07054
 0  0    17    1     1.20682
 0  0    17    2     1.32179
 0  0    17    3     1.09255
 0  0    17    4     1.55507
 0  0    17    5     1.51268
 0  0    17    6     1.45094
 0  0    17    7     1.30776
 0  0    17    8     1.49834
 0  0    17    9     1.47019
 0  0    17    10     1.49212
 0  0    17    11     1.50211
 0  0    17    12     1.54475
 0  0    17    13     1.3089
 0  0    17    14     1.35774
 0  0    17    15     1.11961
 0  0    17    16     1.30625
 0  0    17    17     1.27988
 0  0    17    18     1.17622
 0  0    17    19     1.01575
 0  0    17    20     1.19131
 0  0    17    21     1.07114
 0  0    17    22     1.04856
 0  0    17    23     1.16217
 0  0    17    24     1.12926
 0  0    17    25     1.33258
 0  0    17    26     1.14511
 0  0    17    27     1.26311
 0  0    17    28     0.830015
 0  0    17    29     1.1156
 0  0    17    30     1.03459
 0  0    17    31     1.00578
 0  0    18    0     1.04517
 0  0    18    1     1.21533
 0  0    18    2     1.45882
 0  0    18    3     1.3793
 0  0    18    4     1.1862
 0  0    18    5     1.31215
 0  0    18    6     1.2312
 0  0    18    7     1.29763
 0  0    18    8     1.29712
 0  0    18    9     1.22196
 0  0    18    10     1.16136
 0  0    18    11     1.16236
 0  0    18    12     1.03947
 0  0    18    13     1.54883
 0  0    18    14     1.47422
 0  0    18    15     1.41804
 0  0    18    16     1.01414
 0  0    18    17     1.50505
 0  0    18    18     1.33289
 0  0    18    19     1.15562
 0  0    18    20     1.08291
 0  0    18    21     1.0667
 0  0    18    22     1.30724
 0  0    18    23     1.02665
 0  0    18    24     1.12724
 0  0    18    25     0.970118
 0  0    18    26     1.08584
 0  0    18    27     1.00401
 0  0    18    28     1.02025
 0  0    18    29     1.16776
 0  0    18    30     1.11146
 0  0    18    31     1.00764
 0  0    19    0     1.19942
 0  0    19    1     1.21923
 0  0    19    2     1.62995
 0  0    19    3     1.75435
 0  0    19    4     1.22118
 0  0    19    5     1.26692
 0  0    19    6     1.1844
 0  0    19    7     1.01034
 0  0    19    8     1.17141
 0  0    19    9     1.2227
 0  0    19    10     1.20617
 0  0    19    11     1.21131
 0  0    19    12     1.1946
 0  0    19    13     1.72361
 0  0    19    14     1.40924
 0  0    19    15     1.9291
 0  0    19    16     1.11618
 0  0    19    17     1.58141
 0  0    19    18     1.31528
 0  0    19    19     1.88206
 0  0    19    20     0.996888
 0  0    19    21     1.51547
 0  0    19    22     1.07741
 0  0    19    23     1.16872
 0  0    19    24     1.13851
 0  0    19    25     1.2302
 0  0    19    26     1.31145
 0  0    19    27     0.988132
 0  0    19    28     0.989514
 0  0    19    29     1.69645
 0  0    19    30     1.28765
 0  0    19    31     1.06542
 0  0    20    0     1.47267
 0  0    20    1     1.29153
 0  0    20    2     1.14368
 0  0    20    3     1.41053
 0  0    20    4     1.41539
 0  0    20    5     1.56211
 0  0    20    6     1.6101
 0  0    20    7     2.45628
 0  0    20    8     1.36583
 0  0    20    9     1.0678
 0  0    20    10     1.71159
 0  0    20    11     1.59904
 0  0    20    12     1.70342
 0  0    20    13     1.90099
 0  0    20    14     1.65079
 0  0    20    15     1.50841
 0  0    20    16     1.44607
 0  0    20    17     1.61025
 0  0    20    18     1.75812
 0  0    20    19     1.57589
 0  0    20    20     1.57482
 0  0    20    21     0.589246
 0  0    21    0     1.39957
 0  0    21    1     1.33434
 0  0    21    2     1.01796
 0  0    21    3     1.00385
 0  0    21    4     1.14402
 0  0    21    5     1.307
 0  0    21    6     0.991804
 0  0    21    7     1.28802
 0  0    21    8     1.13488
 0  0    21    9     1.19538
 0  0    21    10     1.2439
 0  0    21    11     1.40806
 0  0    21    12     1.09442
 0  0    21    13     1.16431
 0  0    21    14     1.25291
 0  0    21    15     1.70129
 0  0    21    16     1.13418
 0  0    21    17     1.34194
 0  0    21    18     1.68602
 0  0    21    19     1.89801
 0  0    21    20     1.31622
 0  0    21    21     1.16547
 0  0    22    0     1.32048
 0  0    22    1     1.63465
 0  0    22    2     1.66329
 0  0    22    3     1.09373
 0  0    22    4     1.16776
 0  0    22    5     1.49215
 0  0    22    6     1.4166
 0  0    22    7     1.90173
 0  0    22    8     1.77402
 0  0    22    9     1.6467
 0  0    22    10     1.51947
 0  0    22    11     1.57266
 0  0    22    12     1.1303
 0  0    22    13     1.31896
 0  0    22    14     1.42241
 0  0    22    15     1.24688
 0  0    22    16     1.12789
 0  0    22    17     1.19362
 0  0    22    18     1.4354
 0  0    22    19     1.24613
 0  0    22    20     1.34006
 0  0    22    21     1.19255
 0  0    22    22     1.44498
 0  0    22    23     1.41676
 0  0    22    24     1.60234
 0  0    22    25     1.21541
 0  0    22    26     1.31258
 0  0    22    27     1.02963
 0  0    22    28     1.25231
 0  0    22    29     0.903876
 0  0    22    30     0.875557
 0  0    22    31     1.08866
 0  0    23    0     1.53199
 0  0    23    1     1.98088
 0  0    23    2     1.8878
 0  0    23    3     1.64356
 0  0    23    4     1.43653
 0  0    23    5     1.57022
 0  0    23    6     1.51857
 0  0    23    7     2.20822
 0  0    23    8     2.00414
 0  0    23    9     1.54541
 0  0    23    10     1.59489
 0  0    23    11     1.47134
 0  0    23    12     1.68386
 0  0    23    13     1.48051
 0  0    23    14     1.55557
 0  0    23    15     1.84815
 0  0    23    16     0.437475
 0  0    23    17     1.81338
 0  0    23    18     2.00812
 0  0    23    19     1.26755
 0  0    23    20     1.0486
 0  0    23    21     1.51967
 0  0    23    22     1.21496
 0  0    23    23     1.63065
 0  0    23    24     1.52153
 0  0    23    25     1.34685
 0  0    23    26     1.32798
 0  0    23    27     0.981744
 0  0    23    28     1.91789
 0  0    23    29     1.09321
 0  0    23    30     0.624367
 0  0    23    31     1.24901
 0  1    0    0     1.25381
 0  1    0    1     1.22517
 0  1    0    2     1.17478
 0  1    0    3     1.23102
 0  1    0    4     1.16963
 0  1    0    5     1.35159
 0  1    0    6     1.2891
 0  1    0    7     1.15924
 0  1    0    8     1.25566
 0  1    0    9     1.39376
 0  1    0    10     1.47876
 0  1    0    11     1.25636
 0  1    0    12     1.36315
 0  1    0    13     1.36582
 0  1    0    14     1.09757
 0  1    0    15     1.13888
 0  1    0    16     1.29306
 0  1    0    17     1.43793
 0  1    0    18     1.38798
 0  1    0    19     1.37409
 0  1    0    20     1.79216
 0  1    0    21     1.25546
 0  1    0    22     1.39536
 0  1    0    23     1.28142
 0  1    0    24     2.05346
 0  1    0    25     1.23396
 0  1    0    26     1.45532
 0  1    0    27     1.36759
 0  1    0    28     1.21729
 0  1    0    29     1.21084
 0  1    0    30     1.1562
 0  1    0    31     1.24886
 0  1    1    0     1.22654
 0  1    1    1     1.42999
 0  1    1    2     1.36862
 0  1    1    3     1.18686
 0  1    1    4     1.08681
 0  1    1    5     1.12303
 0  1    1    6     1.08597
 0  1    1    7     1.59859
 0  1    1    8     1.05503
 0  1    1    9     1.01616
 0  1    1    10     1.03925
 0  1    1    11     1.31311
 0  1    1    12     1.33534
 0  1    1    13     1.06128
 0  1    1    14     1.04421
 0  1    1    15     1.1186
 0  1    1    16     1.34725
 0  1    1    17     1.0775
 0  1    1    18     1.02965
 0  1    1    19     1.14992
 0  1    1    20     1.38077
 0  1    1    21     1.35849
 0  1    1    22     1.23654
 0  1    1    23     1.16448
 0  1    1    24     1.15805
 0  1    1    25     1.36765
 0  1    1    26     1.43256
 0  1    1    27     1.18801
 0  1    1    28     1.16263
 0  1    1    29     1.30721
 0  1    1    30     1.42529
 0  1    1    31     1.24634
 0  1    2    0     1.33028
 0  1    2    1     1.68084
 0  1    2    2     1.62964
 0  1    2    3     1.271
 0  1    2    4     1.44419
 0  1    2    5     1.32659
 0  1    2    6     1.46316
 0  1    2    7     1.37092
 0  1    2    8     1.53267
 0  1    2    9     1.53905
 0  1    2    10     1.51094
 0  1    2    11     1.33901
 0  1    2    12     1.17303
 0  1    2    13     1.48181
 0  1    2    14     1.36484
 0  1    2    15     1.10996
 0  1    2    16     1.16983
 0  1    2    17     1.50417
 0  1    2    18     1.55166
 0  1    2    19     1.14727
 0  1    2    20     1.19594
 0  1    2    21     1.64641
 0  1    2    22     1.46946
 0  1    2    23     1.72232
 0  1    2    24     1.16612
 0  1    2    25     1.7292
 0  1    2    26     1.66161
 0  1    2    27     1.78606
 0  1    2    28     1.16807
 0  1    2    29     1.24308
 0  1    2    30     1.69228
 0  1    2    31     1.70082
 0  1    3    0     1.14867
 0  1    3    1     1.35379
 0  1    3    2     1.44029
 0  1    3    3     1.50887
 0  1    3    4     1.41038
 0  1    3    5     1.37084
 0  1    3    6     1.42915
 0  1    3    7     1.54289
 0  1    3    8     1.2731
 0  1    3    9     1.42432
 0  1    3    10     1.32064
 0  1    3    11     1.56784
 0  1    3    12     1.12424
 0  1    3    13     1.01628
 0  1    3    14     1.27959
 0  1    3    15     1.12851
 0  1    3    16     1.20959
 0  1    3    17     1.00625
 0  1    3    18     1.01691
 0  1    3    19     1.11601
 0  1    3    20     1.76523
 0  1    3    21     1.23136
 0  1    3    22     1.2004
 0  1    3    23     1.23241
 0  1    3    24     1.43867
 0  1    3    25     1.3852
 0  1    3    26     1.35216
 0  1    3    27     1.42147
 0  1    3    28     1.49733
 0  1    3    29     1.47246
 0  1    3    30     1.54772
 0  1    3    31     0.95661
 0  1    4    0     1.61212
 0  1    4    1     1.53922
 0  1    4    2     1.62738
 0  1    4    3     1.52404
 0  1    4    4     1.5337
 0  1    4    5     1.42642
 0  1    4    6     1.48995
 0  1    4    7     1.35933
 0  1    4    8     1.45156
 0  1    4    9     1.33377
 0  1    4    10     1.55756
 0  1    4    11     1.53155
 0  1    4    12     1.24728
 0  1    4    13     1.27792
 0  1    4    14     1.25001
 0  1    4    15     1.536
 0  1    4    16     1.11978
 0  1    4    17     1.22878
 0  1    4    18     1.28117
 0  1    4    19     1.5603
 0  1    4    20     1.31467
 0  1    4    21     1.57591
 0  1    4    22     1.54224
 0  1    4    23     1.59916
 0  1    4    24     1.36497
 0  1    4    25     1.68207
 0  1    4    26     1.41667
 0  1    4    27     1.42231
 0  1    4    28     1.21472
 0  1    4    29     1.40812
 0  1    4    30     1.34156
 0  1    4    31     1.28367
 0  1    5    0     1.13498
 0  1    5    1     1.2296
 0  1    5    2     1.25674
 0  1    5    3     1.24074
 0  1    5    4     1.00225
 0  1    5    5     1.08912
 0  1    5    6     1.23034
 0  1    5    7     0.939567
 0  1    5    8     1.11855
 0  1    5    9     1.26985
 0  1    5    10     1.03993
 0  1    5    11     1.10073
 0  1    5    12     1.62892
 0  1    5    13     1.13274
 0  1    5    14     1.08456
 0  1    5    15     1.14191
 0  1    5    16     1.54821
 0  1    5    17     1.27352
 0  1    5    18     1.11663
 0  1    5    19     1.06549
 0  1    5    20     1.05288
 0  1    5    21     1.26684
 0  1    5    22     1.23541
 0  1    5    23     1.02619
 0  1    5    24     1.10931
 0  1    5    25     1.3697
 0  1    5    26     1.21038
 0  1    5    27     1.2719
 0  1    5    28     1.12125
 0  1    5    29     1.0412
 0  1    5    30     1.06258
 0  1    5    31     1.05219
 0  1    6    0     1.18257
 0  1    6    1     1.24438
 0  1    6    2     1.34107
 0  1    6    3     1.2077
 0  1    6    4     0.989968
 0  1    6    5     1.0846
 0  1    6    6     1.02417
 0  1    6    7     1.03948
 0  1    6    8     0.92845
 0  1    6    9     1.175
 0  1    6    10     1.04336
 0  1    6    11     1.122
 0  1    6    12     1.15223
 0  1    6    13     1.1562
 0  1    6    14     1.12669
 0  1    6    15     1.33956
 0  1    6    16     1.03342
 0  1    6    17     1.24746
 0  1    6    18     1.16888
 0  1    6    19     1.30758
 0  1    6    20     1.06569
 0  1    6    21     1.27804
 0  1    6    22     1.4177
 0  1    6    23     1.22764
 0  1    6    24     1.08917
 0  1    6    25     1.52066
 0  1    6    26     1.3421
 0  1    6    27     1.26311
 0  1    6    28     1.04113
 0  1    6    29     1.10635
 0  1    6    30     1.15302
 0  1    6    31     1.2173
 0  1    7    0     1.08456
 0  1    7    1     1.255
 0  1    7    2     1.46224
 0  1    7    3     2.18633
 0  1    7    4     1.25318
 0  1    7    5     1.4992
 0  1    7    6     1.7086
 0  1    7    7     1.35216
 0  1    7    8     1.26271
 0  1    7    9     1.51294
 0  1    7    10     1.59669
 0  1    7    11     1.2751
 0  1    7    12     1.2331
 0  1    7    13     1.50164
 0  1    7    14     1.75198
 0  1    7    15     1.69118
 0  1    7    16     1.2691
 0  1    7    17     1.48941
 0  1    7    18     1.73078
 0  1    7    19     1.42368
 0  1    7    20     1.19775
 0  1    7    21     1.30786
 0  1    7    22     1.28401
 0  1    7    23     1.23794
 0  1    7    24     1.37394
 0  1    7    25     1.31721
 0  1    7    26     1.45894
 0  1    7    27     1.27339
 0  1    7    28     1.21811
 0  1    7    29     1.60409
 0  1    7    30     1.43909
 0  1    7    31     1.2429
 0  1    8    0     1.52473
 0  1    8    1     1.54128
 0  1    8    2     1.43286
 0  1    8    3     0.994325
 0  1    8    4     1.22665
 0  1    8    5     1.00612
 0  1    8    6     0.977584
 0  1    8    7     1.35267
 0  1    8    8     1.4057
 0  1    8    9     1.27888
 0  1    8    10     1.25256
 0  1    8    11     1.53942
 0  1    8    12     1.27174
 0  1    8    13     1.57513
 0  1    8    14     1.63428
 0  1    8    15     1.2348
 0  1    8    16     1.36954
 0  1    8    17     1.63427
 0  1    8    18     1.4878
 0  1    8    19     1.51573
 0  1    8    20     1.25782
 0  1    8    21     1.51864
 0  1    8    22     1.32148
 0  1    8    23     1.71523
 0  1    8    24     1.08982
 0  1    8    25     1.6889
 0  1    8    26     1.68006
 0  1    8    27     1.66696
 0  1    8    28     1.13135
 0  1    8    29     1.35505
 0  1    8    30     1.29987
 0  1    8    31     1.40398
 0  1    9    0     1.02594
 0  1    9    1     1.44221
 0  1    9    2     1.31736
 0  1    9    3     1.18771
 0  1    9    4     1.60199
 0  1    9    5     1.44726
 0  1    9    6     1.35704
 0  1    9    7     1.26753
 0  1    9    8     1.58507
 0  1    9    9     1.47866
 0  1    9    10     1.37291
 0  1    9    11     1.48571
 0  1    9    12     1.31187
 0  1    9    13     1.73785
 0  1    9    14     1.69697
 0  1    9    15     1.28726
 0  1    9    16     1.25507
 0  1    9    17     1.63464
 0  1    9    18     1.51952
 0  1    9    19     1.25922
 0  1    9    20     1.61657
 0  1    9    21     1.19297
 0  1    9    22     1.21405
 0  1    9    23     1.22202
 0  1    9    24     1.75942
 0  1    9    25     1.37465
 0  1    9    26     1.29823
 0  1    9    27     1.21327
 0  1    9    28     1.6116
 0  1    9    29     1.04942
 0  1    9    30     1.01916
 0  1    9    31     0.93656
 0  1    10    0     1.20764
 0  1    10    1     1.17213
 0  1    10    2     1.10595
 0  1    10    3     0.950151
 0  1    10    4     1.74202
 0  1    10    5     1.22641
 0  1    10    6     1.43994
 0  1    10    7     1.41441
 0  1    10    8     1.80521
 0  1    10    9     1.055
 0  1    10    10     1.1524
 0  1    10    11     1.51495
 0  1    10    12     1.11251
 0  1    10    13     1.11469
 0  1    10    14     1.06811
 0  1    10    15     1.13641
 0  1    10    16     1.06496
 0  1    10    17     1.1201
 0  1    10    18     1.01869
 0  1    10    19     1.09632
 0  1    10    20     0.898463
 0  1    10    21     1.35641
 0  1    10    22     1.52984
 0  1    10    23     0.90517
 0  1    10    24     0.908786
 0  1    10    25     1.3549
 0  1    10    26     1.27364
 0  1    10    27     1.00534
 0  1    10    28     1.10187
 0  1    10    29     1.15159
 0  1    10    30     0.915587
 0  1    10    31     1.02174
 0  1    11    0     0.955767
 0  1    11    1     1.13888
 0  1    11    2     1.09385
 0  1    11    3     1.20992
 0  1    11    4     1.5113
 0  1    11    5     1.44019
 0  1    11    6     1.56492
 0  1    11    7     1.32547
 0  1    11    8     1.27637
 0  1    11    9     1.31175
 0  1    11    10     1.35713
 0  1    11    11     1.36997
 0  1    11    12     1.09165
 0  1    11    13     1.20193
 0  1    11    14     1.151
 0  1    11    15     1.19247
 0  1    11    16     1.11609
 0  1    11    17     1.05432
 0  1    11    18     1.17984
 0  1    11    19     1.26411
 0  1    11    20     1.04082
 0  1    11    21     1.11913
 0  1    11    22     1.11145
 0  1    11    23     1.11893
 0  1    11    24     0.842208
 0  1    11    25     1.05617
 0  1    11    26     1.10163
 0  1    11    27     1.33076
 0  1    11    28     1.00837
 0  1    11    29     1.14053
 0  1    11    30     0.993893
 0  1    11    31     1.04059
 0  1    12    0     1.18459
 0  1    12    1     1.49091
 0  1    12    2     1.65953
 0  1    12    3     1.23963
 0  1    12    4     1.28621
 0  1    12    5     1.1309
 0  1    12    6     1.18351
 0  1    12    7     0.997969
 0  1    12    8     1.37973
 0  1    12    9     1.08963
 0  1    12    10     1.27741
 0  1    12    11     0.985174
 0  1    12    12     1.29906
 0  1    12    13     1.29426
 0  1    12    14     1.27714
 0  1    12    15     1.21183
 0  1    12    16     1.17767
 0  1    12    17     1.33488
 0  1    12    18     1.20371
 0  1    12    19     1.16617
 0  1    12    20     1.00718
 0  1    12    21     1.14232
 0  1    12    22     1.058
 0  1    12    23     1.04744
 0  1    12    24     1.27704
 0  1    12    25     1.10466
 0  1    12    26     1.00638
 0  1    12    27     1.20646
 0  1    12    28     0.886189
 0  1    12    29     0.898354
 0  1    12    30     1.13506
 0  1    12    31     0.885292
 0  1    13    0     1.25559
 0  1    13    1     1.25525
 0  1    13    2     1.23476
 0  1    13    3     1.48404
 0  1    13    4     1.15152
 0  1    13    5     1.31892
 0  1    13    6     1.34249
 0  1    13    7     1.35929
 0  1    13    8     1.10992
 0  1    13    9     1.49399
 0  1    13    10     1.3723
 0  1    13    11     1.28915
 0  1    13    12     1.25731
 0  1    13    13     1.04533
 0  1    13    14     1.10028
 0  1    13    15     1.33127
 0  1    13    16     1.13748
 0  1    13    17     1.01558
 0  1    13    18     1.03658
 0  1    13    19     1.17562
 0  1    13    20     1.04891
 0  1    13    21     1.22771
 0  1    13    22     1.42555
 0  1    13    23     1.11777
 0  1    13    24     1.05898
 0  1    13    25     1.16458
 0  1    13    26     1.27231
 0  1    13    27     1.20144
 0  1    13    28     0.993462
 0  1    13    29     1.18758
 0  1    13    30     1.06594
 0  1    13    31     1.01407
 0  1    14    0     1.56018
 0  1    14    1     1.0546
 0  1    14    2     1.05414
 0  1    14    3     0.940275
 0  1    14    4     1.33255
 0  1    14    5     1.3112
 0  1    14    6     1.53697
 0  1    14    7     1.17955
 0  1    14    8     1.28702
 0  1    14    9     1.37861
 0  1    14    10     1.68962
 0  1    14    11     1.2252
 0  1    14    12     1.19082
 0  1    14    13     1.05236
 0  1    14    14     1.08772
 0  1    14    15     1.07473
 0  1    14    16     1.06498
 0  1    14    17     1.09751
 0  1    14    18     1.30889
 0  1    14    19     1.02874
 0  1    14    20     1.03832
 0  1    14    21     1.03382
 0  1    14    22     1.0578
 0  1    14    23     1.33427
 0  1    14    24     1.2769
 0  1    14    25     1.14462
 0  1    14    26     1.12927
 0  1    14    27     1.41073
 0  1    14    28     1.00232
 0  1    14    29     1.10811
 0  1    14    30     1.15379
 0  1    14    31     1.38452
 0  1    15    0     0.990491
 0  1    15    1     1.11234
 0  1    15    2     0.96218
 0  1    15    3     0.965746
 0  1    15    4     1.14087
 0  1    15    5     1.40889
 0  1    15    6     1.25222
 0  1    15    7     1.102
 0  1    15    8     1.11181
 0  1    15    9     1.35299
 0  1    15    10     1.3118
 0  1    15    11     1.14696
 0  1    15    12     1.12525
 0  1    15    13     1.46525
 0  1    15    14     1.30351
 0  1    15    15     1.11498
 0  1    15    16     1.11926
 0  1    15    17     1.48249
 0  1    15    18     1.45803
 0  1    15    19     1.29344
 0  1    15    20     0.991868
 0  1    15    21     1.2454
 0  1    15    22     1.15503
 0  1    15    23     1.01568
 0  1    15    24     1.17825
 0  1    15    25     1.32201
 0  1    15    26     1.16569
 0  1    15    27     1.11446
 0  1    15    28     1.07114
 0  1    15    29     1.19966
 0  1    15    30     1.05796
 0  1    15    31     1.06099
 0  1    16    0     0.874949
 0  1    16    1     1.14553
 0  1    16    2     0.983447
 0  1    16    3     0.942862
 0  1    16    4     1.34392
 0  1    16    5     1.09479
 0  1    16    6     1.12345
 0  1    16    7     1.11141
 0  1    16    8     1.17668
 0  1    16    9     1.1614
 0  1    16    10     1.14903
 0  1    16    11     1.11153
 0  1    16    12     1.09911
 0  1    16    13     1.0563
 0  1    16    14     1.37281
 0  1    16    15     1.12322
 0  1    16    16     1.09935
 0  1    16    17     1.27299
 0  1    16    18     1.4504
 0  1    16    19     1.17566
 0  1    16    20     1.09882
 0  1    16    21     1.14785
 0  1    16    22     1.41807
 0  1    16    23     1.31714
 0  1    16    24     1.0189
 0  1    16    25     1.11014
 0  1    16    26     1.27858
 0  1    16    27     1.13918
 0  1    16    28     1.09503
 0  1    16    29     1.21105
 0  1    16    30     1.40275
 0  1    16    31     1.22736
 0  1    17    0     0.9335
 0  1    17    1     1.08397
 0  1    17    2     1.0834
 0  1    17    3     0.969127
 0  1    17    4     1.04262
 0  1    17    5     1.00633
 0  1    17    6     1.08689
 0  1    17    7     1.60108
 0  1    17    8     1.10085
 0  1    17    9     1.02328
 0  1    17    10     1.03197
 0  1    17    11     1.57856
 0  1    17    12     1.1629
 0  1    17    13     1.23508
 0  1    17    14     1.11487
 0  1    17    15     0.943621
 0  1    17    16     1.12476
 0  1    17    17     1.18185
 0  1    17    18     1.18207
 0  1    17    19     0.957932
 0  1    17    20     1.28802
 0  1    17    21     1.3294
 0  1    17    22     1.23208
 0  1    17    23     1.21201
 0  1    17    24     1.07276
 0  1    17    25     1.32645
 0  1    17    26     1.30501
 0  1    17    27     1.10146
 0  1    17    28     1.32592
 0  1    17    29     1.34433
 0  1    17    30     1.26284
 0  1    17    31     1.05915
 0  1    18    0     1.01232
 0  1    18    1     1.13963
 0  1    18    2     1.20259
 0  1    18    3     1.0706
 0  1    18    4     1.55803
 0  1    18    5     1.58731
 0  1    18    6     1.39937
 0  1    18    7     1.07872
 0  1    18    8     1.50296
 0  1    18    9     1.63863
 0  1    18    10     1.55832
 0  1    18    11     1.19737
 0  1    18    12     0.879014
 0  1    18    13     1.09023
 0  1    18    14     1.06274
 0  1    18    15     1.99397
 0  1    18    16     0.892967
 0  1    18    17     1.14864
 0  1    18    18     1.1511
 0  1    18    19     1.94373
 0  1    18    20     1.19251
 0  1    18    21     1.2325
 0  1    18    22     1.28594
 0  1    18    23     1.0952
 0  1    18    24     1.02213
 0  1    18    25     1.36918
 0  1    18    26     1.22075
 0  1    18    27     1.11817
 0  1    18    28     1.2756
 0  1    18    29     1.15617
 0  1    18    30     1.24775
 0  1    18    31     1.13455
 0  1    19    0     1.22836
 0  1    19    1     1.15555
 0  1    19    2     1.16245
 0  1    19    3     1.24781
 0  1    19    4     1.37242
 0  1    19    5     1.08119
 0  1    19    6     1.10591
 0  1    19    7     1.59463
 0  1    19    8     1.06116
 0  1    19    9     1.07993
 0  1    19    10     1.07925
 0  1    19    11     1.73607
 0  1    19    12     1.99505
 0  1    19    13     1.32944
 0  1    19    14     1.13887
 0  1    19    15     2.19979
 0  1    19    16     2.13016
 0  1    19    17     1.25644
 0  1    19    18     1.37146
 0  1    19    19     1.65767
 0  1    19    20     1.33317
 0  1    19    21     1.04875
 0  1    19    22     1.60829
 0  1    19    23     1.08327
 0  1    19    24     1.21462
 0  1    19    25     1.15923
 0  1    19    26     1.17059
 0  1    19    27     1.61975
 0  1    19    28     1.22106
 0  1    19    29     1.31781
 0  1    19    30     1.16343
 0  1    19    31     1.45823
 0  1    20    0     1.60908
 0  1    20    1     1.26862
 0  1    20    2     1.36333
 0  1    20    3     1.43919
 0  1    20    4     1.39463
 0  1    20    5     1.34475
 0  1    20    6     2.02006
 0  1    20    7     1.87072
 0  1    20    8     1.49451
 0  1    20    9     1.56558
 0  1    20    10     1.8699
 0  1    20    11     2.12363
 0  1    20    12     1.57612
 0  1    20    13     1.46541
 0  1    20    14     1.6793
 0  1    20    15     1.78764
 0  1    20    16     2.18185
 0  1    20    17     2.15358
 0  1    20    18     1.53786
 0  1    20    19     0.900901
 0  1    20    20     1.30659
 0  1    20    21     1.59891
 0  1    21    0     1.01545
 0  1    21    1     1.2708
 0  1    21    2     1.47088
 0  1    21    3     1.27599
 0  1    21    4     1.22064
 0  1    21    5     1.23886
 0  1    21    6     1.40921
 0  1    21    7     1.86745
 0  1    21    8     1.9647
 0  1    21    9     1.39974
 0  1    21    10     1.48508
 0  1    21    11     1.24033
 0  1    21    12     1.3009
 0  1    21    13     1.31667
 0  1    21    14     1.35706
 0  1    21    15     1.62965
 0  1    21    16     1.59495
 0  1    21    17     1.47002
 0  1    21    18     2.16385
 0  1    21    19     0.572461
 0  1    21    20     0.647244
 0  1    21    21     0.551395
 0  1    22    0     1.42345
 0  1    22    1     1.31027
 0  1    22    2     1.55537
 0  1    22    3     1.2753
 0  1    22    4     1.91789
 0  1    22    5     2.06006
 0  1    22    6     2.36703
 0  1    22    7     1.31623
 0  1    22    8     1.39977
 0  1    22    9     1.19203
 0  1    22    10     1.28215
 0  1    22    11     1.75986
 0  1    22    12     1.60791
 0  1    22    13     1.27588
 0  1    22    14     1.44887
 0  1    22    15     1.39153
 0  1    22    16     1.25354
 0  1    22    17     2.36988
 0  1    22    18     2.22339
 0  1    22    19     1.26292
 0  1    22    20     1.26784
 0  1    22    21     0.932175
 0  1    22    22     0.967713
 0  1    22    23     1.20122
 0  1    22    24     1.27505
 0  1    22    25     1.12552
 0  1    22    26     1.27135
 0  1    22    27     1.23438
 0  1    22    28     1.17698
 0  1    22    29     1.3023
 0  1    22    30     1.07114
 0  1    22    31     1.10411
 0  1    23    0     1.055
 0  1    23    1     2.0406
 0  1    23    2     0.477981
 0  1    23    3     1.26994
 0  1    23    4     1.51431
 0  1    23    5     0.698974
 0  1    23    6     1.74408
 0  1    23    7     1.48789
 0  1    23    8     1.21877
 0  1    23    9     1.67702
 0  1    23    10     0.596754
 0  1    23    11     1.87133
 0  1    23    12     1.28903
 0  1    23    13     1.23065
 0  1    23    14     1.31105
 0  1    23    15     1.1216
 0  1    23    16     1.49003
 0  1    23    17     1.56755
 0  1    23    18     1.39421
 0  1    23    19     1.37409
 0  1    23    20     1.3457
 0  1    23    21     1.84286
 0  1    23    22     1.7819
 0  1    23    23     1.76671
 0  1    23    24     1.90747
 0  1    23    25     0.367088
 0  1    23    26     1.80549
 0  1    23    27     1.92242
 0  1    23    28     1.76544
 0  1    23    29     0.813759
 0  1    23    30     1.82179
 0  1    23    31     0.79251
