 0  0    0    0     1.11076
 0  0    0    1     1.14659
 0  0    0    2     1.17761
 0  0    0    3     1.10918
 0  0    0    4     1.2836
 0  0    0    5     1.27394
 0  0    0    6     1.38767
 0  0    0    7     1.30064
 0  0    0    8     1.50919
 0  0    0    9     1.29653
 0  0    0    10     1.19721
 0  0    0    11     1.3161
 0  0    0    12     0.999065
 0  0    0    13     1.34
 0  0    0    14     1.14321
 0  0    0    15     1.20101
 0  0    0    16     1.10911
 0  0    0    17     1.329
 0  0    0    18     1.31086
 0  0    0    19     1.23214
 0  0    0    20     1.28246
 0  0    0    21     1.90946
 0  0    0    22     1.61067
 0  0    0    23     1.32906
 0  0    0    24     1.35606
 0  0    0    25     1.58052
 0  0    0    26     1.79633
 0  0    0    27     1.21055
 0  0    0    28     1.72121
 0  0    0    29     1.30113
 0  0    0    30     1.25773
 0  0    0    31     1.27713
 0  0    1    0     1.32057
 0  0    1    1     1.46796
 0  0    1    2     1.26547
 0  0    1    3     0.842451
 0  0    1    4     1.25748
 0  0    1    5     1.41712
 0  0    1    6     1.1965
 0  0    1    7     1.04001
 0  0    1    8     1.22014
 0  0    1    9     1.18127
 0  0    1    10     1.02407
 0  0    1    11     1.08071
 0  0    1    12     1.26234
 0  0    1    13     1.47757
 0  0    1    14     1.60057
 0  0    1    15     1.24908
 0  0    1    16     1.56119
 0  0    1    17     1.54731
 0  0    1    18     1.50942
 0  0    1    19     1.29126
 0  0    1    20     1.18595
 0  0    1    21     1.0364
 0  0    1    22     1.01646
 0  0    1    23     1.17319
 0  0    1    24     1.07562
 0  0    1    25     1.03768
 0  0    1    26     1.03967
 0  0    1    27     1.188
 0  0    1    28     1.19068
 0  0    1    29     0.962667
 0  0    1    30     0.955474
 0  0    1    31     1.39641
 0  0    2    0     0.868863
 0  0    2    1     0.962622
 0  0    2    2     1.18917
 0  0    2    3     1.64437
 0  0    2    4     0.967956
 0  0    2    5     1.02443
 0  0    2    6     1.08621
 0  0    2    7     0.973953
 0  0    2    8     1.15834
 0  0    2    9     1.24023
 0  0    2    10     1.02385
 0  0    2    11     1.37368
 0  0    2    12     1.3234
 0  0    2    13     1.2423
 0  0    2    14     1.22065
 0  0    2    15     1.28979
 0  0    2    16     1.21249
 0  0    2    17     1.18013
 0  0    2    18     1.21541
 0  0    2    19     1.12435
 0  0    2    20     1.08366
 0  0    2    21     1.32074
 0  0    2    22     1.29795
 0  0    2    23     1.30082
 0  0    2    24     1.11469
 0  0    2    25     1.28255
 0  0    2    26     1.16071
 0  0    2    27     1.2468
 0  0    2    28     1.25121
 0  0    2    29     1.50727
 0  0    2    30     1.44058
 0  0    2    31     0.989194
 0  0    3    0     1.80333
 0  0    3    1     1.08996
 0  0    3    2     1.11048
 0  0    3    3     1.1238
 0  0    3    4     1.11843
 0  0    3    5     0.991319
 0  0    3    6     1.09927
 0  0    3    7     1.17892
 0  0    3    8     1.16678
 0  0    3    9     1.03423
 0  0    3    10     1.03679
 0  0    3    11     1.09138
 0  0    3    12     1.13733
 0  0    3    13     1.38351
 0  0    3    14     1.25998
 0  0    3    15     1.64382
 0  0    3    16     1.2524
 0  0    3    17     1.18235
 0  0    3    18     1.44291
 0  0    3    19     1.55444
 0  0    3    20     1.23338
 0  0    3    21     1.14298
 0  0    3    22     1.16304
 0  0    3    23     1.31143
 0  0    3    24     1.3692
 0  0    3    25     1.19779
 0  0    3    26     1.11889
 0  0    3    27     1.67512
 0  0    3    28     0.978169
 0  0    3    29     1.57848
 0  0    3    30     1.41946
 0  0    3    31     1.03436
 0  0    4    0     1.07974
 0  0    4    1     1.34423
 0  0    4    2     1.34498
 0  0    4    3     0.932297
 0  0    4    4     1.28801
 0  0    4    5     1.29618
 0  0    4    6     1.34559
 0  0    4    7     1.32814
 0  0    4    8     1.11151
 0  0    4    9     1.2248
 0  0    4    10     1.43115
 0  0    4    11     1.27237
 0  0    4    12     1.56524
 0  0    4    13     1.24618
 0  0    4    14     1.31155
 0  0    4    15     1.20256
 0  0    4    16     1.44462
 0  0    4    17     1.22589
 0  0    4    18     1.23274
 0  0    4    19     1.13
 0  0    4    20     1.30615
 0  0    4    21     1.5233
 0  0    4    22     1.28057
 0  0    4    23     1.34017
 0  0    4    24     1.34419
 0  0    4    25     1.27582
 0  0    4    26     1.57159
 0  0    4    27     1.22756
 0  0    4    28     0.99094
 0  0    4    29     1.1799
 0  0    4    30     1.18414
 0  0    4    31     1.3205
 0  0    5    0     1.5672
 0  0    5    1     1.23408
 0  0    5    2     1.23376
 0  0    5    3     1.06461
 0  0    5    4     1.2391
 0  0    5    5     0.93501
 0  0    5    6     1.16391
 0  0    5    7     1.21019
 0  0    5    8     1.1629
 0  0    5    9     1.17748
 0  0    5    10     1.13389
 0  0    5    11     1.12302
 0  0    5    12     1.22457
 0  0    5    13     1.07282
 0  0    5    14     1.04629
 0  0    5    15     1.56393
 0  0    5    16     1.34275
 0  0    5    17     1.66371
 0  0    5    18     1.08027
 0  0    5    19     1.49948
 0  0    5    20     1.78341
 0  0    5    21     1.76752
 0  0    5    22     1.25674
 0  0    5    23     1.06704
 0  0    5    24     1.79685
 0  0    5    25     1.79507
 0  0    5    26     1.05471
 0  0    5    27     1.07451
 0  0    5    28     1.16661
 0  0    5    29     1.93722
 0  0    5    30     1.6549
 0  0    5    31     1.08651
 0  0    6    0     1.21162
 0  0    6    1     1.05348
 0  0    6    2     0.889436
 0  0    6    3     1.34547
 0  0    6    4     1.36666
 0  0    6    5     1.32705
 0  0    6    6     1.5562
 0  0    6    7     1.14033
 0  0    6    8     1.32811
 0  0    6    9     1.34078
 0  0    6    10     1.53316
 0  0    6    11     0.987384
 0  0    6    12     1.81098
 0  0    6    13     1.16067
 0  0    6    14     1.26322
 0  0    6    15     0.989856
 0  0    6    16     1.86888
 0  0    6    17     1.27562
 0  0    6    18     1.19832
 0  0    6    19     0.947095
 0  0    6    20     1.05637
 0  0    6    21     1.36741
 0  0    6    22     1.07671
 0  0    6    23     0.95729
 0  0    6    24     1.1093
 0  0    6    25     1.08193
 0  0    6    26     1.01311
 0  0    6    27     0.992079
 0  0    6    28     1.4446
 0  0    6    29     1.66582
 0  0    6    30     1.15388
 0  0    6    31     1.49153
 0  0    7    0     1.21367
 0  0    7    1     1.34374
 0  0    7    2     1.25684
 0  0    7    3     0.972678
 0  0    7    4     1.11611
 0  0    7    5     1.20115
 0  0    7    6     1.11098
 0  0    7    7     1.28474
 0  0    7    8     1.01827
 0  0    7    9     1.08752
 0  0    7    10     1.15451
 0  0    7    11     1.20161
 0  0    7    12     1.03263
 0  0    7    13     1.27767
 0  0    7    14     1.01026
 0  0    7    15     1.08653
 0  0    7    16     0.921334
 0  0    7    17     0.982443
 0  0    7    18     1.0323
 0  0    7    19     0.999807
 0  0    7    20     0.971269
 0  0    7    21     1.17389
 0  0    7    22     1.09127
 0  0    7    23     1.17635
 0  0    7    24     1.03157
 0  0    7    25     1.09875
 0  0    7    26     0.94836
 0  0    7    27     1.15987
 0  0    7    28     1.2848
 0  0    7    29     1.25207
 0  0    7    30     1.06487
 0  0    7    31     1.13676
 0  0    8    0     0.998358
 0  0    8    1     1.4881
 0  0    8    2     1.35058
 0  0    8    3     0.970032
 0  0    8    4     1.49344
 0  0    8    5     1.3563
 0  0    8    6     1.38261
 0  0    8    7     1.21985
 0  0    8    8     1.2214
 0  0    8    9     1.18838
 0  0    8    10     1.20206
 0  0    8    11     1.31773
 0  0    8    12     1.01049
 0  0    8    13     1.27352
 0  0    8    14     1.21933
 0  0    8    15     1.86992
 0  0    8    16     0.963005
 0  0    8    17     1.40936
 0  0    8    18     1.24799
 0  0    8    19     1.29386
 0  0    8    20     1.33029
 0  0    8    21     1.23829
 0  0    8    22     1.24725
 0  0    8    23     1.21321
 0  0    8    24     1.24625
 0  0    8    25     1.19037
 0  0    8    26     1.41209
 0  0    8    27     1.24619
 0  0    8    28     1.11225
 0  0    8    29     0.935416
 0  0    8    30     1.15884
 0  0    8    31     1.55485
 0  0    9    0     0.976891
 0  0    9    1     1.14927
 0  0    9    2     1.17636
 0  0    9    3     1.45562
 0  0    9    4     1.30607
 0  0    9    5     1.45118
 0  0    9    6     1.45146
 0  0    9    7     1.37789
 0  0    9    8     1.25837
 0  0    9    9     1.47572
 0  0    9    10     1.39076
 0  0    9    11     1.25068
 0  0    9    12     1.2815
 0  0    9    13     1.7432
 0  0    9    14     1.4181
 0  0    9    15     1.09853
 0  0    9    16     1.42005
 0  0    9    17     1.54048
 0  0    9    18     1.25061
 0  0    9    19     1.04882
 0  0    9    20     1.19829
 0  0    9    21     1.4355
 0  0    9    22     1.1528
 0  0    9    23     1.18388
 0  0    9    24     1.13837
 0  0    9    25     1.28544
 0  0    9    26     1.19774
 0  0    9    27     1.04569
 0  0    9    28     1.06726
 0  0    9    29     1.1873
 0  0    9    30     1.37683
 0  0    9    31     1.0222
 0  0    10    0     1.16128
 0  0    10    1     1.9321
 0  0    10    2     1.48229
 0  0    10    3     0.881262
 0  0    10    4     1.28663
 0  0    10    5     1.57358
 0  0    10    6     1.39515
 0  0    10    7     0.912183
 0  0    10    8     1.28292
 0  0    10    9     1.32302
 0  0    10    10     1.26475
 0  0    10    11     1.44514
 0  0    10    12     0.916777
 0  0    10    13     1.25497
 0  0    10    14     1.18747
 0  0    10    15     1.32224
 0  0    10    16     1.09425
 0  0    10    17     1.28182
 0  0    10    18     1.18213
 0  0    10    19     1.31115
 0  0    10    20     0.959511
 0  0    10    21     1.19455
 0  0    10    22     1.26843
 0  0    10    23     1.28556
 0  0    10    24     1.28332
 0  0    10    25     1.26903
 0  0    10    26     1.13921
 0  0    10    27     1.29348
 0  0    10    28     1.26114
 0  0    10    29     1.28305
 0  0    10    30     1.12519
 0  0    10    31     1.25533
 0  0    11    0     1.52791
 0  0    11    1     1.65413
 0  0    11    2     1.20877
 0  0    11    3     1.4037
 0  0    11    4     1.37239
 0  0    11    5     1.76483
 0  0    11    6     1.21769
 0  0    11    7     0.802305
 0  0    11    8     1.35929
 0  0    11    9     1.67964
 0  0    11    10     1.1456
 0  0    11    11     1.08923
 0  0    11    12     1.52343
 0  0    11    13     1.13759
 0  0    11    14     1.10184
 0  0    11    15     0.839041
 0  0    11    16     1.53783
 0  0    11    17     1.19607
 0  0    11    18     1.09624
 0  0    11    19     0.817276
 0  0    11    20     0.828069
 0  0    11    21     0.963727
 0  0    11    22     1.24792
 0  0    11    23     1.4534
 0  0    11    24     1.37448
 0  0    11    25     1.06906
 0  0    11    26     1.06777
 0  0    11    27     1.30638
 0  0    11    28     1.26269
 0  0    11    29     1.25187
 0  0    11    30     1.18718
 0  0    11    31     1.21902
 0  0    12    0     1.4098
 0  0    12    1     1.11568
 0  0    12    2     1.0203
 0  0    12    3     1.22261
 0  0    12    4     0.920722
 0  0    12    5     1.2871
 0  0    12    6     1.40814
 0  0    12    7     1.65198
 0  0    12    8     1.08407
 0  0    12    9     1.53394
 0  0    12    10     1.47808
 0  0    12    11     1.58423
 0  0    12    12     0.857513
 0  0    12    13     1.39692
 0  0    12    14     1.63603
 0  0    12    15     1.97835
 0  0    12    16     0.867557
 0  0    12    17     1.82881
 0  0    12    18     1.68977
 0  0    12    19     1.89404
 0  0    12    20     1.5796
 0  0    12    21     1.27527
 0  0    12    22     1.96093
 0  0    12    23     1.22721
 0  0    12    24     1.32891
 0  0    12    25     1.35793
 0  0    12    26     1.4214
 0  0    12    27     1.1358
 0  0    12    28     1.03595
 0  0    12    29     1.34556
 0  0    12    30     1.29925
 0  0    12    31     1.01942
 0  0    13    0     1.09008
 0  0    13    1     0.937538
 0  0    13    2     1.24028
 0  0    13    3     1.84711
 0  0    13    4     1.56039
 0  0    13    5     1.24949
 0  0    13    6     1.33052
 0  0    13    7     1.33264
 0  0    13    8     1.36529
 0  0    13    9     1.26397
 0  0    13    10     1.29927
 0  0    13    11     1.36432
 0  0    13    12     1.57756
 0  0    13    13     1.27069
 0  0    13    14     1.3304
 0  0    13    15     1.29376
 0  0    13    16     1.1929
 0  0    13    17     1.16006
 0  0    13    18     1.20082
 0  0    13    19     1.41221
 0  0    13    20     0.973751
 0  0    13    21     1.37504
 0  0    13    22     1.42295
 0  0    13    23     1.3198
 0  0    13    24     0.944231
 0  0    13    25     1.34555
 0  0    13    26     1.09054
 0  0    13    27     1.24198
 0  0    13    28     0.956259
 0  0    13    29     1.57981
 0  0    13    30     1.11725
 0  0    13    31     1.50471
 0  0    14    0     1.13804
 0  0    14    1     1.28564
 0  0    14    2     1.41506
 0  0    14    3     1.42547
 0  0    14    4     1.43338
 0  0    14    5     1.25727
 0  0    14    6     1.22028
 0  0    14    7     1.32967
 0  0    14    8     1.27829
 0  0    14    9     1.25009
 0  0    14    10     1.36837
 0  0    14    11     1.17353
 0  0    14    12     1.36391
 0  0    14    13     1.36249
 0  0    14    14     1.33228
 0  0    14    15     1.02719
 0  0    14    16     1.24038
 0  0    14    17     1.37596
 0  0    14    18     1.43041
 0  0    14    19     1.08227
 0  0    14    20     1.13601
 0  0    14    21     1.86273
 0  0    14    22     1.80078
 0  0    14    23     1.24489
 0  0    14    24     1.33108
 0  0    14    25     1.85559
 0  0    14    26     1.50215
 0  0    14    27     1.35796
 0  0    14    28     1.27414
 0  0    14    29     1.46535
 0  0    14    30     1.4612
 0  0    14    31     1.87012
 0  0    15    0     1.1619
 0  0    15    1     1.18261
 0  0    15    2     1.33323
 0  0    15    3     1.19708
 0  0    15    4     0.903929
 0  0    15    5     1.48613
 0  0    15    6     1.43678
 0  0    15    7     1.33606
 0  0    15    8     1.01782
 0  0    15    9     1.63833
 0  0    15    10     1.28387
 0  0    15    11     1.26899
 0  0    15    12     0.966519
 0  0    15    13     1.35357
 0  0    15    14     1.1455
 0  0    15    15     1.55745
 0  0    15    16     0.906894
 0  0    15    17     1.3577
 0  0    15    18     1.09531
 0  0    15    19     1.60188
 0  0    15    20     0.826435
 0  0    15    21     1.13886
 0  0    15    22     1.03542
 0  0    15    23     1.23873
 0  0    15    24     0.891509
 0  0    15    25     1.19132
 0  0    15    26     1.07123
 0  0    15    27     0.940335
 0  0    15    28     1.18036
 0  0    15    29     1.04354
 0  0    15    30     0.94478
 0  0    15    31     0.969305
 0  0    16    0     1.24302
 0  0    16    1     1.3217
 0  0    16    2     1.26566
 0  0    16    3     1.15237
 0  0    16    4     1.24485
 0  0    16    5     1.07231
 0  0    16    6     1.05328
 0  0    16    7     1.25061
 0  0    16    8     1.21212
 0  0    16    9     1.02254
 0  0    16    10     1.03683
 0  0    16    11     1.37003
 0  0    16    12     1.52296
 0  0    16    13     1.41318
 0  0    16    14     0.800567
 0  0    16    15     1.66103
 0  0    16    16     1.44514
 0  0    16    17     1.37882
 0  0    16    18     1.29875
 0  0    16    19     1.23462
 0  0    16    20     0.980196
 0  0    16    21     1.15437
 0  0    16    22     1.0663
 0  0    16    23     1.27841
 0  0    16    24     0.925862
 0  0    16    25     1.11022
 0  0    16    26     0.961515
 0  0    16    27     1.34988
 0  0    16    28     1.10432
 0  0    16    29     0.853221
 0  0    16    30     0.982267
 0  0    16    31     0.853008
 0  0    17    0     1.0654
 0  0    17    1     1.20206
 0  0    17    2     1.32943
 0  0    17    3     1.0909
 0  0    17    4     1.55068
 0  0    17    5     1.51479
 0  0    17    6     1.44976
 0  0    17    7     1.30466
 0  0    17    8     1.50223
 0  0    17    9     1.46837
 0  0    17    10     1.49971
 0  0    17    11     1.50014
 0  0    17    12     1.55604
 0  0    17    13     1.30302
 0  0    17    14     1.36311
 0  0    17    15     1.11598
 0  0    17    16     1.30599
 0  0    17    17     1.28207
 0  0    17    18     1.17681
 0  0    17    19     1.0166
 0  0    17    20     1.18608
 0  0    17    21     1.07008
 0  0    17    22     1.04694
 0  0    17    23     1.1684
 0  0    17    24     1.13352
 0  0    17    25     1.34261
 0  0    17    26     1.1508
 0  0    17    27     1.28059
 0  0    17    28     0.820445
 0  0    17    29     1.11734
 0  0    17    30     1.02782
 0  0    17    31     1.01272
 0  0    18    0     1.03789
 0  0    18    1     1.21952
 0  0    18    2     1.4675
 0  0    18    3     1.38569
 0  0    18    4     1.18575
 0  0    18    5     1.31202
 0  0    18    6     1.23654
 0  0    18    7     1.31338
 0  0    18    8     1.30069
 0  0    18    9     1.22246
 0  0    18    10     1.1697
 0  0    18    11     1.15662
 0  0    18    12     1.03226
 0  0    18    13     1.55735
 0  0    18    14     1.47846
 0  0    18    15     1.42219
 0  0    18    16     1.00864
 0  0    18    17     1.50751
 0  0    18    18     1.34221
 0  0    18    19     1.16234
 0  0    18    20     1.08478
 0  0    18    21     1.0649
 0  0    18    22     1.32672
 0  0    18    23     0.997166
 0  0    18    24     1.12955
 0  0    18    25     0.972176
 0  0    18    26     1.0949
 0  0    18    27     0.992366
 0  0    18    28     1.02366
 0  0    18    29     1.17495
 0  0    18    30     1.12283
 0  0    18    31     0.991842
 0  0    19    0     1.20329
 0  0    19    1     1.21902
 0  0    19    2     1.63728
 0  0    19    3     1.80392
 0  0    19    4     1.22372
 0  0    19    5     1.27842
 0  0    19    6     1.18692
 0  0    19    7     1.01786
 0  0    19    8     1.16755
 0  0    19    9     1.23489
 0  0    19    10     1.19684
 0  0    19    11     1.22546
 0  0    19    12     1.19165
 0  0    19    13     1.74502
 0  0    19    14     1.41596
 0  0    19    15     1.97546
 0  0    19    16     1.12823
 0  0    19    17     1.60023
 0  0    19    18     1.31111
 0  0    19    19     1.86604
 0  0    19    20     0.987714
 0  0    19    21     1.50716
 0  0    19    22     1.08616
 0  0    19    23     1.13613
 0  0    19    24     1.15154
 0  0    19    25     1.25483
 0  0    19    26     1.32085
 0  0    19    27     0.962928
 0  0    19    28     0.983034
 0  0    19    29     1.68902
 0  0    19    30     1.31664
 0  0    19    31     1.06268
 0  0    20    0     1.45963
 0  0    20    1     1.28351
 0  0    20    2     1.13455
 0  0    20    3     1.42717
 0  0    20    4     1.44357
 0  0    20    5     1.55598
 0  0    20    6     1.59919
 0  0    20    7     2.5334
 0  0    20    8     1.38328
 0  0    20    9     1.07464
 0  0    20    10     1.70709
 0  0    20    11     1.58949
 0  0    20    12     1.69158
 0  0    20    13     1.94033
 0  0    20    14     1.6806
 0  0    20    15     1.52858
 0  0    20    16     1.42918
 0  0    20    17     1.65733
 0  0    20    18     1.89968
 0  0    20    19     1.52847
 0  0    20    20     1.59006
 0  0    20    21     0.589246
 0  0    21    0     1.40518
 0  0    21    1     1.34959
 0  0    21    2     0.99807
 0  0    21    3     1.00053
 0  0    21    4     1.1367
 0  0    21    5     1.32032
 0  0    21    6     1.00325
 0  0    21    7     1.30539
 0  0    21    8     1.15706
 0  0    21    9     1.18496
 0  0    21    10     1.23289
 0  0    21    11     1.39035
 0  0    21    12     1.08867
 0  0    21    13     1.14964
 0  0    21    14     1.31157
 0  0    21    15     1.68434
 0  0    21    16     1.11526
 0  0    21    17     1.2934
 0  0    21    18     1.92518
 0  0    21    19     1.59593
 0  0    21    20     1.26088
 0  0    21    21     1.17678
 0  0    22    0     1.3106
 0  0    22    1     1.65748
 0  0    22    2     1.67268
 0  0    22    3     1.09121
 0  0    22    4     1.15544
 0  0    22    5     1.48687
 0  0    22    6     1.42191
 0  0    22    7     1.92317
 0  0    22    8     1.80051
 0  0    22    9     1.67766
 0  0    22    10     1.54198
 0  0    22    11     1.58597
 0  0    22    12     1.15466
 0  0    22    13     1.43541
 0  0    22    14     1.49075
 0  0    22    15     1.27313
 0  0    22    16     1.14828
 0  0    22    17     1.20012
 0  0    22    18     1.44313
 0  0    22    19     1.25554
 0  0    22    20     1.35222
 0  0    22    21     1.2005
 0  0    22    22     1.46053
 0  0    22    23     1.43167
 0  0    22    24     1.6117
 0  0    22    25     1.22938
 0  0    22    26     1.32161
 0  0    22    27     1.03494
 0  0    22    28     1.26101
 0  0    22    29     0.892534
 0  0    22    30     0.864274
 0  0    22    31     1.09476
 0  0    23    0     1.64474
 0  0    23    1     2.04411
 0  0    23    2     1.85028
 0  0    23    3     1.63577
 0  0    23    4     1.43667
 0  0    23    5     1.5672
 0  0    23    6     1.54544
 0  0    23    7     2.21976
 0  0    23    8     1.95017
 0  0    23    9     1.56476
 0  0    23    10     1.65204
 0  0    23    11     1.47132
 0  0    23    12     1.68508
 0  0    23    13     1.42258
 0  0    23    14     1.56897
 0  0    23    15     1.79038
 0  0    23    16     0.437475
 0  0    23    17     1.84815
 0  0    23    18     2.05442
 0  0    23    19     1.51383
 0  0    23    20     1.07344
 0  0    23    21     1.6055
 0  0    23    22     1.45583
 0  0    23    23     1.65317
 0  0    23    24     1.58926
 0  0    23    25     1.35325
 0  0    23    26     1.30246
 0  0    23    27     2.14203
 0  0    23    28     1.90451
 0  0    23    29     0.612845
 0  0    23    30     0.296362
 0  0    23    31     1.32219
 0  1    0    0     1.26558
 0  1    0    1     1.22805
 0  1    0    2     1.16704
 0  1    0    3     1.22468
 0  1    0    4     1.14997
 0  1    0    5     1.34096
 0  1    0    6     1.28236
 0  1    0    7     1.15527
 0  1    0    8     1.24515
 0  1    0    9     1.39773
 0  1    0    10     1.47951
 0  1    0    11     1.25239
 0  1    0    12     1.35563
 0  1    0    13     1.35728
 0  1    0    14     1.08754
 0  1    0    15     1.12938
 0  1    0    16     1.27911
 0  1    0    17     1.4284
 0  1    0    18     1.38728
 0  1    0    19     1.37862
 0  1    0    20     1.80379
 0  1    0    21     1.2471
 0  1    0    22     1.38477
 0  1    0    23     1.27725
 0  1    0    24     2.08446
 0  1    0    25     1.22394
 0  1    0    26     1.45669
 0  1    0    27     1.37158
 0  1    0    28     1.20883
 0  1    0    29     1.20334
 0  1    0    30     1.14648
 0  1    0    31     1.24811
 0  1    1    0     1.22129
 0  1    1    1     1.44024
 0  1    1    2     1.3675
 0  1    1    3     1.18936
 0  1    1    4     1.08311
 0  1    1    5     1.11744
 0  1    1    6     1.08083
 0  1    1    7     1.62116
 0  1    1    8     1.0455
 0  1    1    9     1.01319
 0  1    1    10     1.03671
 0  1    1    11     1.32789
 0  1    1    12     1.33307
 0  1    1    13     1.06161
 0  1    1    14     1.03973
 0  1    1    15     1.12041
 0  1    1    16     1.34727
 0  1    1    17     1.07147
 0  1    1    18     1.02696
 0  1    1    19     1.15692
 0  1    1    20     1.38231
 0  1    1    21     1.35825
 0  1    1    22     1.23871
 0  1    1    23     1.1703
 0  1    1    24     1.14969
 0  1    1    25     1.36807
 0  1    1    26     1.43719
 0  1    1    27     1.1903
 0  1    1    28     1.15954
 0  1    1    29     1.30603
 0  1    1    30     1.42882
 0  1    1    31     1.24987
 0  1    2    0     1.33367
 0  1    2    1     1.68201
 0  1    2    2     1.66407
 0  1    2    3     1.27437
 0  1    2    4     1.45023
 0  1    2    5     1.33495
 0  1    2    6     1.4694
 0  1    2    7     1.37
 0  1    2    8     1.55605
 0  1    2    9     1.55784
 0  1    2    10     1.53087
 0  1    2    11     1.34701
 0  1    2    12     1.18455
 0  1    2    13     1.5025
 0  1    2    14     1.39465
 0  1    2    15     1.11203
 0  1    2    16     1.18161
 0  1    2    17     1.53594
 0  1    2    18     1.60837
 0  1    2    19     1.14992
 0  1    2    20     1.21406
 0  1    2    21     1.70922
 0  1    2    22     1.52989
 0  1    2    23     1.77623
 0  1    2    24     1.18179
 0  1    2    25     1.78862
 0  1    2    26     1.73873
 0  1    2    27     1.85611
 0  1    2    28     1.17386
 0  1    2    29     1.26411
 0  1    2    30     1.77501
 0  1    2    31     1.76847
 0  1    3    0     1.13683
 0  1    3    1     1.34668
 0  1    3    2     1.42233
 0  1    3    3     1.50534
 0  1    3    4     1.42154
 0  1    3    5     1.35589
 0  1    3    6     1.42624
 0  1    3    7     1.54493
 0  1    3    8     1.2781
 0  1    3    9     1.42334
 0  1    3    10     1.31003
 0  1    3    11     1.56196
 0  1    3    12     1.11482
 0  1    3    13     1.00704
 0  1    3    14     1.27693
 0  1    3    15     1.1145
 0  1    3    16     1.20343
 0  1    3    17     1.00036
 0  1    3    18     1.00761
 0  1    3    19     1.10183
 0  1    3    20     1.78689
 0  1    3    21     1.23307
 0  1    3    22     1.19857
 0  1    3    23     1.23041
 0  1    3    24     1.45136
 0  1    3    25     1.3827
 0  1    3    26     1.34776
 0  1    3    27     1.42715
 0  1    3    28     1.51237
 0  1    3    29     1.48241
 0  1    3    30     1.55318
 0  1    3    31     0.945111
 0  1    4    0     1.62788
 0  1    4    1     1.55411
 0  1    4    2     1.70068
 0  1    4    3     1.49453
 0  1    4    4     1.54339
 0  1    4    5     1.4391
 0  1    4    6     1.52134
 0  1    4    7     1.38751
 0  1    4    8     1.45522
 0  1    4    9     1.32805
 0  1    4    10     1.54601
 0  1    4    11     1.47358
 0  1    4    12     1.24492
 0  1    4    13     1.29518
 0  1    4    14     1.25113
 0  1    4    15     1.53639
 0  1    4    16     1.10524
 0  1    4    17     1.22586
 0  1    4    18     1.27592
 0  1    4    19     1.55875
 0  1    4    20     1.31718
 0  1    4    21     1.58324
 0  1    4    22     1.54232
 0  1    4    23     1.62176
 0  1    4    24     1.36017
 0  1    4    25     1.69955
 0  1    4    26     1.4156
 0  1    4    27     1.41117
 0  1    4    28     1.21112
 0  1    4    29     1.41424
 0  1    4    30     1.33997
 0  1    4    31     1.28316
 0  1    5    0     1.12538
 0  1    5    1     1.22629
 0  1    5    2     1.2566
 0  1    5    3     1.23776
 0  1    5    4     0.989115
 0  1    5    5     1.07851
 0  1    5    6     1.22427
 0  1    5    7     0.92855
 0  1    5    8     1.11223
 0  1    5    9     1.25892
 0  1    5    10     1.02301
 0  1    5    11     1.09218
 0  1    5    12     1.64224
 0  1    5    13     1.12219
 0  1    5    14     1.07272
 0  1    5    15     1.12815
 0  1    5    16     1.57387
 0  1    5    17     1.27192
 0  1    5    18     1.10214
 0  1    5    19     1.04818
 0  1    5    20     1.05592
 0  1    5    21     1.27927
 0  1    5    22     1.2309
 0  1    5    23     1.00936
 0  1    5    24     1.11931
 0  1    5    25     1.39927
 0  1    5    26     1.21252
 0  1    5    27     1.26954
 0  1    5    28     1.13058
 0  1    5    29     1.04319
 0  1    5    30     1.05955
 0  1    5    31     1.04455
 0  1    6    0     1.17827
 0  1    6    1     1.2433
 0  1    6    2     1.34828
 0  1    6    3     1.20363
 0  1    6    4     0.979172
 0  1    6    5     1.08129
 0  1    6    6     1.01837
 0  1    6    7     1.03186
 0  1    6    8     0.916186
 0  1    6    9     1.17135
 0  1    6    10     1.039
 0  1    6    11     1.11435
 0  1    6    12     1.14507
 0  1    6    13     1.1522
 0  1    6    14     1.12502
 0  1    6    15     1.3515
 0  1    6    16     1.02379
 0  1    6    17     1.24928
 0  1    6    18     1.16874
 0  1    6    19     1.31514
 0  1    6    20     1.05548
 0  1    6    21     1.28764
 0  1    6    22     1.42975
 0  1    6    23     1.23509
 0  1    6    24     1.08082
 0  1    6    25     1.54288
 0  1    6    26     1.35451
 0  1    6    27     1.26766
 0  1    6    28     1.03587
 0  1    6    29     1.10917
 0  1    6    30     1.15024
 0  1    6    31     1.22496
 0  1    7    0     1.08482
 0  1    7    1     1.27699
 0  1    7    2     1.52379
 0  1    7    3     2.28442
 0  1    7    4     1.25921
 0  1    7    5     1.5139
 0  1    7    6     1.76758
 0  1    7    7     1.39224
 0  1    7    8     1.27024
 0  1    7    9     1.52492
 0  1    7    10     1.63446
 0  1    7    11     1.29742
 0  1    7    12     1.2326
 0  1    7    13     1.51337
 0  1    7    14     1.78298
 0  1    7    15     1.72349
 0  1    7    16     1.27275
 0  1    7    17     1.50488
 0  1    7    18     1.75131
 0  1    7    19     1.44111
 0  1    7    20     1.18922
 0  1    7    21     1.31327
 0  1    7    22     1.2847
 0  1    7    23     1.24247
 0  1    7    24     1.37395
 0  1    7    25     1.31772
 0  1    7    26     1.4665
 0  1    7    27     1.27782
 0  1    7    28     1.21373
 0  1    7    29     1.62421
 0  1    7    30     1.44032
 0  1    7    31     1.24549
 0  1    8    0     1.54605
 0  1    8    1     1.55118
 0  1    8    2     1.4411
 0  1    8    3     0.978444
 0  1    8    4     1.23385
 0  1    8    5     0.997996
 0  1    8    6     0.968303
 0  1    8    7     1.35484
 0  1    8    8     1.42153
 0  1    8    9     1.28341
 0  1    8    10     1.24679
 0  1    8    11     1.54443
 0  1    8    12     1.28174
 0  1    8    13     1.58061
 0  1    8    14     1.6302
 0  1    8    15     1.22427
 0  1    8    16     1.37205
 0  1    8    17     1.64904
 0  1    8    18     1.48732
 0  1    8    19     1.50612
 0  1    8    20     1.2578
 0  1    8    21     1.53459
 0  1    8    22     1.31538
 0  1    8    23     1.71773
 0  1    8    24     1.081
 0  1    8    25     1.70083
 0  1    8    26     1.67853
 0  1    8    27     1.66725
 0  1    8    28     1.12776
 0  1    8    29     1.3611
 0  1    8    30     1.29843
 0  1    8    31     1.40368
 0  1    9    0     1.0176
 0  1    9    1     1.44152
 0  1    9    2     1.31267
 0  1    9    3     1.19456
 0  1    9    4     1.6214
 0  1    9    5     1.46777
 0  1    9    6     1.35311
 0  1    9    7     1.29209
 0  1    9    8     1.59216
 0  1    9    9     1.4855
 0  1    9    10     1.36835
 0  1    9    11     1.51866
 0  1    9    12     1.30757
 0  1    9    13     1.74744
 0  1    9    14     1.72065
 0  1    9    15     1.29739
 0  1    9    16     1.24356
 0  1    9    17     1.64668
 0  1    9    18     1.52601
 0  1    9    19     1.24751
 0  1    9    20     1.61354
 0  1    9    21     1.19194
 0  1    9    22     1.21103
 0  1    9    23     1.21689
 0  1    9    24     1.78256
 0  1    9    25     1.3796
 0  1    9    26     1.30304
 0  1    9    27     1.22832
 0  1    9    28     1.62428
 0  1    9    29     1.03777
 0  1    9    30     1.00911
 0  1    9    31     0.925456
 0  1    10    0     1.21511
 0  1    10    1     1.18728
 0  1    10    2     1.10145
 0  1    10    3     0.946106
 0  1    10    4     1.76678
 0  1    10    5     1.2366
 0  1    10    6     1.4618
 0  1    10    7     1.43267
 0  1    10    8     1.83874
 0  1    10    9     1.05585
 0  1    10    10     1.15457
 0  1    10    11     1.53258
 0  1    10    12     1.10882
 0  1    10    13     1.11328
 0  1    10    14     1.07249
 0  1    10    15     1.14257
 0  1    10    16     1.0646
 0  1    10    17     1.12499
 0  1    10    18     1.01711
 0  1    10    19     1.0935
 0  1    10    20     0.889328
 0  1    10    21     1.37096
 0  1    10    22     1.5528
 0  1    10    23     0.903162
 0  1    10    24     0.897849
 0  1    10    25     1.37036
 0  1    10    26     1.28554
 0  1    10    27     1.01102
 0  1    10    28     1.1
 0  1    10    29     1.15877
 0  1    10    30     0.914373
 0  1    10    31     1.02398
 0  1    11    0     0.945434
 0  1    11    1     1.13679
 0  1    11    2     1.08685
 0  1    11    3     1.20373
 0  1    11    4     1.52534
 0  1    11    5     1.44673
 0  1    11    6     1.58778
 0  1    11    7     1.33444
 0  1    11    8     1.28138
 0  1    11    9     1.30618
 0  1    11    10     1.36069
 0  1    11    11     1.36869
 0  1    11    12     1.09081
 0  1    11    13     1.20405
 0  1    11    14     1.14174
 0  1    11    15     1.18501
 0  1    11    16     1.11638
 0  1    11    17     1.05375
 0  1    11    18     1.18016
 0  1    11    19     1.26165
 0  1    11    20     1.03928
 0  1    11    21     1.12251
 0  1    11    22     1.11276
 0  1    11    23     1.11403
 0  1    11    24     0.842839
 0  1    11    25     1.05237
 0  1    11    26     1.10235
 0  1    11    27     1.33777
 0  1    11    28     1.01123
 0  1    11    29     1.14546
 0  1    11    30     0.992983
 0  1    11    31     1.04134
 0  1    12    0     1.17867
 0  1    12    1     1.50029
 0  1    12    2     1.6726
 0  1    12    3     1.23952
 0  1    12    4     1.28325
 0  1    12    5     1.12266
 0  1    12    6     1.18071
 0  1    12    7     0.988575
 0  1    12    8     1.37611
 0  1    12    9     1.08555
 0  1    12    10     1.28224
 0  1    12    11     0.979983
 0  1    12    12     1.29006
 0  1    12    13     1.29748
 0  1    12    14     1.28084
 0  1    12    15     1.21479
 0  1    12    16     1.17799
 0  1    12    17     1.33432
 0  1    12    18     1.20779
 0  1    12    19     1.16926
 0  1    12    20     1.00084
 0  1    12    21     1.13589
 0  1    12    22     1.05535
 0  1    12    23     1.04277
 0  1    12    24     1.28152
 0  1    12    25     1.10385
 0  1    12    26     1.00134
 0  1    12    27     1.20095
 0  1    12    28     0.882347
 0  1    12    29     0.894143
 0  1    12    30     1.13591
 0  1    12    31     0.882072
 0  1    13    0     1.25686
 0  1    13    1     1.25753
 0  1    13    2     1.23358
 0  1    13    3     1.48271
 0  1    13    4     1.1525
 0  1    13    5     1.32808
 0  1    13    6     1.35068
 0  1    13    7     1.36755
 0  1    13    8     1.11104
 0  1    13    9     1.51528
 0  1    13    10     1.38397
 0  1    13    11     1.28931
 0  1    13    12     1.26465
 0  1    13    13     1.04151
 0  1    13    14     1.09501
 0  1    13    15     1.34214
 0  1    13    16     1.14219
 0  1    13    17     1.01355
 0  1    13    18     1.03645
 0  1    13    19     1.17511
 0  1    13    20     1.05363
 0  1    13    21     1.23678
 0  1    13    22     1.44531
 0  1    13    23     1.12184
 0  1    13    24     1.05449
 0  1    13    25     1.16879
 0  1    13    26     1.30281
 0  1    13    27     1.21265
 0  1    13    28     0.987459
 0  1    13    29     1.19367
 0  1    13    30     1.06379
 0  1    13    31     1.00667
 0  1    14    0     1.56657
 0  1    14    1     1.04829
 0  1    14    2     1.0545
 0  1    14    3     0.927821
 0  1    14    4     1.33137
 0  1    14    5     1.32071
 0  1    14    6     1.54949
 0  1    14    7     1.17682
 0  1    14    8     1.28035
 0  1    14    9     1.38159
 0  1    14    10     1.70653
 0  1    14    11     1.22034
 0  1    14    12     1.18825
 0  1    14    13     1.04906
 0  1    14    14     1.08301
 0  1    14    15     1.06808
 0  1    14    16     1.05986
 0  1    14    17     1.08882
 0  1    14    18     1.31955
 0  1    14    19     1.02544
 0  1    14    20     1.03233
 0  1    14    21     1.03471
 0  1    14    22     1.0576
 0  1    14    23     1.33477
 0  1    14    24     1.28814
 0  1    14    25     1.15113
 0  1    14    26     1.1279
 0  1    14    27     1.42087
 0  1    14    28     0.994356
 0  1    14    29     1.10559
 0  1    14    30     1.146
 0  1    14    31     1.40779
 0  1    15    0     0.985226
 0  1    15    1     1.11376
 0  1    15    2     0.962077
 0  1    15    3     0.965939
 0  1    15    4     1.13929
 0  1    15    5     1.43086
 0  1    15    6     1.25846
 0  1    15    7     1.10502
 0  1    15    8     1.10768
 0  1    15    9     1.35658
 0  1    15    10     1.3143
 0  1    15    11     1.1444
 0  1    15    12     1.12348
 0  1    15    13     1.47752
 0  1    15    14     1.30848
 0  1    15    15     1.11779
 0  1    15    16     1.10678
 0  1    15    17     1.49938
 0  1    15    18     1.46449
 0  1    15    19     1.30214
 0  1    15    20     0.977721
 0  1    15    21     1.25451
 0  1    15    22     1.15246
 0  1    15    23     1.01211
 0  1    15    24     1.17173
 0  1    15    25     1.33494
 0  1    15    26     1.1689
 0  1    15    27     1.11529
 0  1    15    28     1.0653
 0  1    15    29     1.19631
 0  1    15    30     1.05506
 0  1    15    31     1.0564
 0  1    16    0     0.87165
 0  1    16    1     1.15358
 0  1    16    2     0.984979
 0  1    16    3     0.942229
 0  1    16    4     1.35274
 0  1    16    5     1.09555
 0  1    16    6     1.12704
 0  1    16    7     1.11112
 0  1    16    8     1.17428
 0  1    16    9     1.16539
 0  1    16    10     1.15383
 0  1    16    11     1.11334
 0  1    16    12     1.09529
 0  1    16    13     1.05526
 0  1    16    14     1.38348
 0  1    16    15     1.12412
 0  1    16    16     1.1001
 0  1    16    17     1.27414
 0  1    16    18     1.45845
 0  1    16    19     1.17181
 0  1    16    20     1.09698
 0  1    16    21     1.14816
 0  1    16    22     1.42376
 0  1    16    23     1.31058
 0  1    16    24     1.01539
 0  1    16    25     1.11036
 0  1    16    26     1.27368
 0  1    16    27     1.13102
 0  1    16    28     1.08923
 0  1    16    29     1.20129
 0  1    16    30     1.38783
 0  1    16    31     1.22181
 0  1    17    0     0.932628
 0  1    17    1     1.08273
 0  1    17    2     1.08397
 0  1    17    3     0.964654
 0  1    17    4     1.04312
 0  1    17    5     1.00944
 0  1    17    6     1.08816
 0  1    17    7     1.61819
 0  1    17    8     1.10209
 0  1    17    9     1.02528
 0  1    17    10     1.03385
 0  1    17    11     1.60044
 0  1    17    12     1.16763
 0  1    17    13     1.24332
 0  1    17    14     1.11623
 0  1    17    15     0.937375
 0  1    17    16     1.11761
 0  1    17    17     1.1829
 0  1    17    18     1.18649
 0  1    17    19     0.958395
 0  1    17    20     1.29479
 0  1    17    21     1.33706
 0  1    17    22     1.23895
 0  1    17    23     1.22022
 0  1    17    24     1.0569
 0  1    17    25     1.33146
 0  1    17    26     1.30645
 0  1    17    27     1.10503
 0  1    17    28     1.3278
 0  1    17    29     1.33895
 0  1    17    30     1.25557
 0  1    17    31     1.05442
 0  1    18    0     1.00734
 0  1    18    1     1.13484
 0  1    18    2     1.20661
 0  1    18    3     1.06381
 0  1    18    4     1.56796
 0  1    18    5     1.59845
 0  1    18    6     1.39912
 0  1    18    7     1.07766
 0  1    18    8     1.50361
 0  1    18    9     1.66234
 0  1    18    10     1.58562
 0  1    18    11     1.19936
 0  1    18    12     0.866682
 0  1    18    13     1.09045
 0  1    18    14     1.05664
 0  1    18    15     2.01514
 0  1    18    16     0.884677
 0  1    18    17     1.14552
 0  1    18    18     1.14931
 0  1    18    19     1.98673
 0  1    18    20     1.19299
 0  1    18    21     1.24843
 0  1    18    22     1.28725
 0  1    18    23     1.09991
 0  1    18    24     1.01856
 0  1    18    25     1.40149
 0  1    18    26     1.2264
 0  1    18    27     1.11832
 0  1    18    28     1.27541
 0  1    18    29     1.16213
 0  1    18    30     1.25672
 0  1    18    31     1.15395
 0  1    19    0     1.23636
 0  1    19    1     1.15915
 0  1    19    2     1.15917
 0  1    19    3     1.24462
 0  1    19    4     1.37951
 0  1    19    5     1.08196
 0  1    19    6     1.10237
 0  1    19    7     1.63967
 0  1    19    8     1.05753
 0  1    19    9     1.0761
 0  1    19    10     1.07295
 0  1    19    11     1.78153
 0  1    19    12     2.04114
 0  1    19    13     1.34031
 0  1    19    14     1.13234
 0  1    19    15     2.20248
 0  1    19    16     2.17845
 0  1    19    17     1.25519
 0  1    19    18     1.36552
 0  1    19    19     1.56304
 0  1    19    20     1.34509
 0  1    19    21     1.06697
 0  1    19    22     1.78292
 0  1    19    23     1.03801
 0  1    19    24     1.21275
 0  1    19    25     1.12498
 0  1    19    26     1.1397
 0  1    19    27     1.62485
 0  1    19    28     1.21214
 0  1    19    29     1.31466
 0  1    19    30     1.1907
 0  1    19    31     1.40555
 0  1    20    0     1.60689
 0  1    20    1     1.45752
 0  1    20    2     1.38126
 0  1    20    3     1.4511
 0  1    20    4     1.40625
 0  1    20    5     1.33021
 0  1    20    6     2.09191
 0  1    20    7     1.85643
 0  1    20    8     1.5189
 0  1    20    9     1.60973
 0  1    20    10     1.88247
 0  1    20    11     2.16993
 0  1    20    12     1.63638
 0  1    20    13     1.48554
 0  1    20    14     1.67138
 0  1    20    15     1.7775
 0  1    20    16     2.31758
 0  1    20    17     2.34041
 0  1    20    18     1.6048
 0  1    20    19     0.900901
 0  1    20    20     1.37096
 0  1    20    21     1.65835
 0  1    21    0     1.16272
 0  1    21    1     1.29255
 0  1    21    2     1.4847
 0  1    21    3     1.27394
 0  1    21    4     1.20181
 0  1    21    5     1.25835
 0  1    21    6     1.42651
 0  1    21    7     1.84169
 0  1    21    8     1.98181
 0  1    21    9     1.61173
 0  1    21    10     1.47344
 0  1    21    11     1.25712
 0  1    21    12     1.28496
 0  1    21    13     1.32238
 0  1    21    14     1.31769
 0  1    21    15     1.6627
 0  1    21    16     1.56676
 0  1    21    17     1.5271
 0  1    21    18     2.23958
 0  1    21    19     0.572461
 0  1    21    20     0.647244
 0  1    21    21     0.262446
 0  1    22    0     1.41952
 0  1    22    1     1.29141
 0  1    22    2     1.54368
 0  1    22    3     1.25615
 0  1    22    4     1.91187
 0  1    22    5     2.1747
 0  1    22    6     2.42138
 0  1    22    7     1.30997
 0  1    22    8     1.40674
 0  1    22    9     1.17323
 0  1    22    10     1.27902
 0  1    22    11     1.75515
 0  1    22    12     1.59448
 0  1    22    13     1.27782
 0  1    22    14     1.46935
 0  1    22    15     1.41474
 0  1    22    16     1.34349
 0  1    22    17     2.387
 0  1    22    18     2.24339
 0  1    22    19     1.26879
 0  1    22    20     1.24796
 0  1    22    21     0.925194
 0  1    22    22     0.965006
 0  1    22    23     1.20426
 0  1    22    24     1.26663
 0  1    22    25     1.11499
 0  1    22    26     1.25559
 0  1    22    27     1.22091
 0  1    22    28     1.16776
 0  1    22    29     1.30348
 0  1    22    30     1.07806
 0  1    22    31     1.10573
 0  1    23    0     0.647572
 0  1    23    1     2.00978
 0  1    23    2     0.266762
 0  1    23    3     1.43059
 0  1    23    4     1.53659
 0  1    23    5     0.698974
 0  1    23    6     1.77144
 0  1    23    7     1.51033
 0  1    23    8     1.16625
 0  1    23    9     1.6689
 0  1    23    10     1.41146
 0  1    23    11     1.9336
 0  1    23    12     1.27531
 0  1    23    13     1.24396
 0  1    23    14     1.26563
 0  1    23    15     1.09622
 0  1    23    16     1.48387
 0  1    23    17     1.56178
 0  1    23    18     1.37195
 0  1    23    19     1.33286
 0  1    23    20     1.35794
 0  1    23    21     1.84386
 0  1    23    22     1.8193
 0  1    23    23     1.90393
 0  1    23    24     1.89247
 0  1    23    25     0.367088
 0  1    23    26     1.82572
 0  1    23    27     1.69527
 0  1    23    28     1.74479
 0  1    23    29     0.761169
 0  1    23    30     1.39042
 0  1    23    31     0.524379
