 0  0    0    0     1.11576
 0  0    0    1     1.15562
 0  0    0    2     1.17962
 0  0    0    3     1.1175
 0  0    0    4     1.28795
 0  0    0    5     1.27624
 0  0    0    6     1.39259
 0  0    0    7     1.30368
 0  0    0    8     1.50517
 0  0    0    9     1.29992
 0  0    0    10     1.20162
 0  0    0    11     1.31743
 0  0    0    12     1.00254
 0  0    0    13     1.34118
 0  0    0    14     1.14927
 0  0    0    15     1.20251
 0  0    0    16     1.11538
 0  0    0    17     1.32919
 0  0    0    18     1.31456
 0  0    0    19     1.23443
 0  0    0    20     1.28134
 0  0    0    21     1.90117
 0  0    0    22     1.61033
 0  0    0    23     1.32818
 0  0    0    24     1.34896
 0  0    0    25     1.57382
 0  0    0    26     1.79024
 0  0    0    27     1.21295
 0  0    0    28     1.70941
 0  0    0    29     1.29993
 0  0    0    30     1.25716
 0  0    0    31     1.27759
 0  0    1    0     1.32194
 0  0    1    1     1.47202
 0  0    1    2     1.26216
 0  0    1    3     0.847059
 0  0    1    4     1.26594
 0  0    1    5     1.42099
 0  0    1    6     1.19899
 0  0    1    7     1.04243
 0  0    1    8     1.22325
 0  0    1    9     1.18559
 0  0    1    10     1.028
 0  0    1    11     1.0842
 0  0    1    12     1.26175
 0  0    1    13     1.47634
 0  0    1    14     1.5973
 0  0    1    15     1.24618
 0  0    1    16     1.55438
 0  0    1    17     1.54414
 0  0    1    18     1.50544
 0  0    1    19     1.28609
 0  0    1    20     1.18465
 0  0    1    21     1.0378
 0  0    1    22     1.01784
 0  0    1    23     1.17227
 0  0    1    24     1.07815
 0  0    1    25     1.03752
 0  0    1    26     1.03931
 0  0    1    27     1.1808
 0  0    1    28     1.19215
 0  0    1    29     0.963855
 0  0    1    30     0.956478
 0  0    1    31     1.39131
 0  0    2    0     0.870398
 0  0    2    1     0.966193
 0  0    2    2     1.1975
 0  0    2    3     1.64372
 0  0    2    4     0.973855
 0  0    2    5     1.03033
 0  0    2    6     1.0855
 0  0    2    7     0.974232
 0  0    2    8     1.15833
 0  0    2    9     1.24081
 0  0    2    10     1.02277
 0  0    2    11     1.36239
 0  0    2    12     1.32233
 0  0    2    13     1.24311
 0  0    2    14     1.22226
 0  0    2    15     1.28287
 0  0    2    16     1.21148
 0  0    2    17     1.17755
 0  0    2    18     1.21355
 0  0    2    19     1.11767
 0  0    2    20     1.08654
 0  0    2    21     1.3239
 0  0    2    22     1.29699
 0  0    2    23     1.29292
 0  0    2    24     1.11523
 0  0    2    25     1.27958
 0  0    2    26     1.16297
 0  0    2    27     1.24153
 0  0    2    28     1.24978
 0  0    2    29     1.5063
 0  0    2    30     1.44282
 0  0    2    31     0.99093
 0  0    3    0     1.79186
 0  0    3    1     1.07953
 0  0    3    2     1.105
 0  0    3    3     1.11675
 0  0    3    4     1.10978
 0  0    3    5     0.989305
 0  0    3    6     1.08966
 0  0    3    7     1.16598
 0  0    3    8     1.16262
 0  0    3    9     1.02756
 0  0    3    10     1.03293
 0  0    3    11     1.08586
 0  0    3    12     1.12535
 0  0    3    13     1.37035
 0  0    3    14     1.24674
 0  0    3    15     1.639
 0  0    3    16     1.24433
 0  0    3    17     1.1699
 0  0    3    18     1.42753
 0  0    3    19     1.52313
 0  0    3    20     1.22633
 0  0    3    21     1.13515
 0  0    3    22     1.15243
 0  0    3    23     1.30365
 0  0    3    24     1.36068
 0  0    3    25     1.18793
 0  0    3    26     1.11063
 0  0    3    27     1.67247
 0  0    3    28     0.977684
 0  0    3    29     1.56894
 0  0    3    30     1.41327
 0  0    3    31     1.03
 0  0    4    0     1.07932
 0  0    4    1     1.33664
 0  0    4    2     1.34743
 0  0    4    3     0.928576
 0  0    4    4     1.29049
 0  0    4    5     1.29957
 0  0    4    6     1.35159
 0  0    4    7     1.32865
 0  0    4    8     1.11004
 0  0    4    9     1.22088
 0  0    4    10     1.43232
 0  0    4    11     1.2713
 0  0    4    12     1.55904
 0  0    4    13     1.24929
 0  0    4    14     1.31555
 0  0    4    15     1.2084
 0  0    4    16     1.43357
 0  0    4    17     1.22393
 0  0    4    18     1.24245
 0  0    4    19     1.13697
 0  0    4    20     1.30439
 0  0    4    21     1.52582
 0  0    4    22     1.28304
 0  0    4    23     1.35788
 0  0    4    24     1.34917
 0  0    4    25     1.27733
 0  0    4    26     1.56958
 0  0    4    27     1.23323
 0  0    4    28     0.993485
 0  0    4    29     1.18016
 0  0    4    30     1.18022
 0  0    4    31     1.32675
 0  0    5    0     1.55606
 0  0    5    1     1.23597
 0  0    5    2     1.23775
 0  0    5    3     1.06902
 0  0    5    4     1.2353
 0  0    5    5     0.93791
 0  0    5    6     1.1664
 0  0    5    7     1.21494
 0  0    5    8     1.16026
 0  0    5    9     1.17692
 0  0    5    10     1.13742
 0  0    5    11     1.13126
 0  0    5    12     1.21083
 0  0    5    13     1.07701
 0  0    5    14     1.05215
 0  0    5    15     1.56133
 0  0    5    16     1.32574
 0  0    5    17     1.64506
 0  0    5    18     1.08365
 0  0    5    19     1.50309
 0  0    5    20     1.75493
 0  0    5    21     1.7414
 0  0    5    22     1.25356
 0  0    5    23     1.07907
 0  0    5    24     1.76775
 0  0    5    25     1.76663
 0  0    5    26     1.05399
 0  0    5    27     1.08307
 0  0    5    28     1.15736
 0  0    5    29     1.89828
 0  0    5    30     1.64013
 0  0    5    31     1.09509
 0  0    6    0     1.21334
 0  0    6    1     1.05436
 0  0    6    2     0.890831
 0  0    6    3     1.346
 0  0    6    4     1.36083
 0  0    6    5     1.32498
 0  0    6    6     1.54653
 0  0    6    7     1.13814
 0  0    6    8     1.3273
 0  0    6    9     1.34163
 0  0    6    10     1.52412
 0  0    6    11     0.989414
 0  0    6    12     1.81087
 0  0    6    13     1.16555
 0  0    6    14     1.26579
 0  0    6    15     0.994255
 0  0    6    16     1.86479
 0  0    6    17     1.27714
 0  0    6    18     1.20081
 0  0    6    19     0.950591
 0  0    6    20     1.06387
 0  0    6    21     1.37336
 0  0    6    22     1.08094
 0  0    6    23     0.965111
 0  0    6    24     1.11927
 0  0    6    25     1.08685
 0  0    6    26     1.02104
 0  0    6    27     0.999415
 0  0    6    28     1.44498
 0  0    6    29     1.66824
 0  0    6    30     1.16273
 0  0    6    31     1.48852
 0  0    7    0     1.21503
 0  0    7    1     1.347
 0  0    7    2     1.26431
 0  0    7    3     0.975626
 0  0    7    4     1.12066
 0  0    7    5     1.20554
 0  0    7    6     1.11832
 0  0    7    7     1.28676
 0  0    7    8     1.0215
 0  0    7    9     1.08963
 0  0    7    10     1.15749
 0  0    7    11     1.20371
 0  0    7    12     1.03462
 0  0    7    13     1.27984
 0  0    7    14     1.01465
 0  0    7    15     1.09243
 0  0    7    16     0.926624
 0  0    7    17     0.987984
 0  0    7    18     1.04044
 0  0    7    19     1.0053
 0  0    7    20     0.978865
 0  0    7    21     1.17478
 0  0    7    22     1.09444
 0  0    7    23     1.17598
 0  0    7    24     1.03783
 0  0    7    25     1.10147
 0  0    7    26     0.955206
 0  0    7    27     1.16284
 0  0    7    28     1.28709
 0  0    7    29     1.25344
 0  0    7    30     1.07141
 0  0    7    31     1.13693
 0  0    8    0     0.997897
 0  0    8    1     1.47853
 0  0    8    2     1.34435
 0  0    8    3     0.970222
 0  0    8    4     1.49032
 0  0    8    5     1.35015
 0  0    8    6     1.38114
 0  0    8    7     1.22235
 0  0    8    8     1.2263
 0  0    8    9     1.18534
 0  0    8    10     1.20012
 0  0    8    11     1.31172
 0  0    8    12     1.01377
 0  0    8    13     1.27612
 0  0    8    14     1.2114
 0  0    8    15     1.85229
 0  0    8    16     0.966327
 0  0    8    17     1.41051
 0  0    8    18     1.24755
 0  0    8    19     1.2924
 0  0    8    20     1.33308
 0  0    8    21     1.23649
 0  0    8    22     1.24589
 0  0    8    23     1.21702
 0  0    8    24     1.24232
 0  0    8    25     1.19209
 0  0    8    26     1.40673
 0  0    8    27     1.24224
 0  0    8    28     1.1124
 0  0    8    29     0.937621
 0  0    8    30     1.1534
 0  0    8    31     1.55237
 0  0    9    0     0.982304
 0  0    9    1     1.1432
 0  0    9    2     1.17388
 0  0    9    3     1.46588
 0  0    9    4     1.29673
 0  0    9    5     1.44359
 0  0    9    6     1.4483
 0  0    9    7     1.3776
 0  0    9    8     1.25254
 0  0    9    9     1.47236
 0  0    9    10     1.39316
 0  0    9    11     1.24411
 0  0    9    12     1.27441
 0  0    9    13     1.73983
 0  0    9    14     1.43131
 0  0    9    15     1.10581
 0  0    9    16     1.41499
 0  0    9    17     1.51564
 0  0    9    18     1.26249
 0  0    9    19     1.05735
 0  0    9    20     1.20045
 0  0    9    21     1.43267
 0  0    9    22     1.15516
 0  0    9    23     1.20528
 0  0    9    24     1.13743
 0  0    9    25     1.28219
 0  0    9    26     1.19652
 0  0    9    27     1.05705
 0  0    9    28     1.06767
 0  0    9    29     1.18532
 0  0    9    30     1.38498
 0  0    9    31     1.04176
 0  0    10    0     1.15325
 0  0    10    1     1.8902
 0  0    10    2     1.46968
 0  0    10    3     0.887563
 0  0    10    4     1.27202
 0  0    10    5     1.54542
 0  0    10    6     1.39069
 0  0    10    7     0.918442
 0  0    10    8     1.26753
 0  0    10    9     1.31068
 0  0    10    10     1.26176
 0  0    10    11     1.44324
 0  0    10    12     0.915349
 0  0    10    13     1.24468
 0  0    10    14     1.18344
 0  0    10    15     1.31628
 0  0    10    16     1.09297
 0  0    10    17     1.27712
 0  0    10    18     1.17903
 0  0    10    19     1.30681
 0  0    10    20     0.958991
 0  0    10    21     1.19442
 0  0    10    22     1.26608
 0  0    10    23     1.27901
 0  0    10    24     1.27942
 0  0    10    25     1.26537
 0  0    10    26     1.13825
 0  0    10    27     1.28865
 0  0    10    28     1.25373
 0  0    10    29     1.28073
 0  0    10    30     1.12369
 0  0    10    31     1.25394
 0  0    11    0     1.52455
 0  0    11    1     1.64967
 0  0    11    2     1.21426
 0  0    11    3     1.40444
 0  0    11    4     1.36913
 0  0    11    5     1.75304
 0  0    11    6     1.22031
 0  0    11    7     0.807732
 0  0    11    8     1.35751
 0  0    11    9     1.67371
 0  0    11    10     1.14528
 0  0    11    11     1.09275
 0  0    11    12     1.51712
 0  0    11    13     1.13712
 0  0    11    14     1.10633
 0  0    11    15     0.841968
 0  0    11    16     1.52953
 0  0    11    17     1.19506
 0  0    11    18     1.09507
 0  0    11    19     0.821227
 0  0    11    20     0.830149
 0  0    11    21     0.963302
 0  0    11    22     1.23171
 0  0    11    23     1.4416
 0  0    11    24     1.36754
 0  0    11    25     1.06853
 0  0    11    26     1.06755
 0  0    11    27     1.3035
 0  0    11    28     1.26152
 0  0    11    29     1.24926
 0  0    11    30     1.18878
 0  0    11    31     1.2218
 0  0    12    0     1.4062
 0  0    12    1     1.11657
 0  0    12    2     1.02142
 0  0    12    3     1.2178
 0  0    12    4     0.927179
 0  0    12    5     1.28511
 0  0    12    6     1.39565
 0  0    12    7     1.64387
 0  0    12    8     1.08078
 0  0    12    9     1.51731
 0  0    12    10     1.46567
 0  0    12    11     1.58077
 0  0    12    12     0.859115
 0  0    12    13     1.39164
 0  0    12    14     1.62949
 0  0    12    15     1.98007
 0  0    12    16     0.87007
 0  0    12    17     1.81421
 0  0    12    18     1.68257
 0  0    12    19     1.88782
 0  0    12    20     1.57587
 0  0    12    21     1.27167
 0  0    12    22     1.9531
 0  0    12    23     1.22166
 0  0    12    24     1.32813
 0  0    12    25     1.35626
 0  0    12    26     1.41693
 0  0    12    27     1.13773
 0  0    12    28     1.03537
 0  0    12    29     1.3466
 0  0    12    30     1.29889
 0  0    12    31     1.02366
 0  0    13    0     1.09145
 0  0    13    1     0.936359
 0  0    13    2     1.23646
 0  0    13    3     1.82772
 0  0    13    4     1.55694
 0  0    13    5     1.24994
 0  0    13    6     1.32738
 0  0    13    7     1.3238
 0  0    13    8     1.3619
 0  0    13    9     1.25767
 0  0    13    10     1.29721
 0  0    13    11     1.35665
 0  0    13    12     1.57125
 0  0    13    13     1.27505
 0  0    13    14     1.3254
 0  0    13    15     1.28691
 0  0    13    16     1.19456
 0  0    13    17     1.1615
 0  0    13    18     1.20105
 0  0    13    19     1.40788
 0  0    13    20     0.973161
 0  0    13    21     1.37605
 0  0    13    22     1.42719
 0  0    13    23     1.32608
 0  0    13    24     0.945623
 0  0    13    25     1.34405
 0  0    13    26     1.08924
 0  0    13    27     1.24479
 0  0    13    28     0.959666
 0  0    13    29     1.57546
 0  0    13    30     1.11773
 0  0    13    31     1.50148
 0  0    14    0     1.13569
 0  0    14    1     1.28682
 0  0    14    2     1.40998
 0  0    14    3     1.42308
 0  0    14    4     1.41823
 0  0    14    5     1.25644
 0  0    14    6     1.23015
 0  0    14    7     1.33467
 0  0    14    8     1.27829
 0  0    14    9     1.24556
 0  0    14    10     1.37202
 0  0    14    11     1.18301
 0  0    14    12     1.36374
 0  0    14    13     1.35898
 0  0    14    14     1.3349
 0  0    14    15     1.04388
 0  0    14    16     1.23983
 0  0    14    17     1.37878
 0  0    14    18     1.43034
 0  0    14    19     1.08949
 0  0    14    20     1.13735
 0  0    14    21     1.86269
 0  0    14    22     1.80798
 0  0    14    23     1.22123
 0  0    14    24     1.32717
 0  0    14    25     1.84998
 0  0    14    26     1.48504
 0  0    14    27     1.31453
 0  0    14    28     1.26726
 0  0    14    29     1.45494
 0  0    14    30     1.44799
 0  0    14    31     1.81919
 0  0    15    0     1.15955
 0  0    15    1     1.18078
 0  0    15    2     1.33317
 0  0    15    3     1.19809
 0  0    15    4     0.905994
 0  0    15    5     1.47293
 0  0    15    6     1.42825
 0  0    15    7     1.33022
 0  0    15    8     1.01887
 0  0    15    9     1.62695
 0  0    15    10     1.2803
 0  0    15    11     1.26318
 0  0    15    12     0.965143
 0  0    15    13     1.34685
 0  0    15    14     1.14444
 0  0    15    15     1.55079
 0  0    15    16     0.907386
 0  0    15    17     1.34725
 0  0    15    18     1.0958
 0  0    15    19     1.59572
 0  0    15    20     0.830402
 0  0    15    21     1.13495
 0  0    15    22     1.03541
 0  0    15    23     1.23195
 0  0    15    24     0.891433
 0  0    15    25     1.18712
 0  0    15    26     1.06929
 0  0    15    27     0.939979
 0  0    15    28     1.17823
 0  0    15    29     1.04331
 0  0    15    30     0.945941
 0  0    15    31     0.966407
 0  0    16    0     1.24316
 0  0    16    1     1.32246
 0  0    16    2     1.26744
 0  0    16    3     1.15427
 0  0    16    4     1.24703
 0  0    16    5     1.07836
 0  0    16    6     1.05886
 0  0    16    7     1.25671
 0  0    16    8     1.21703
 0  0    16    9     1.02972
 0  0    16    10     1.05241
 0  0    16    11     1.36925
 0  0    16    12     1.52445
 0  0    16    13     1.42437
 0  0    16    14     0.819775
 0  0    16    15     1.66663
 0  0    16    16     1.44852
 0  0    16    17     1.38253
 0  0    16    18     1.30873
 0  0    16    19     1.23777
 0  0    16    20     0.982073
 0  0    16    21     1.15808
 0  0    16    22     1.07065
 0  0    16    23     1.28871
 0  0    16    24     0.926344
 0  0    16    25     1.11184
 0  0    16    26     0.966871
 0  0    16    27     1.34851
 0  0    16    28     1.10154
 0  0    16    29     0.854242
 0  0    16    30     0.986807
 0  0    16    31     0.855924
 0  0    17    0     1.06771
 0  0    17    1     1.2037
 0  0    17    2     1.3276
 0  0    17    3     1.09334
 0  0    17    4     1.55688
 0  0    17    5     1.51483
 0  0    17    6     1.45114
 0  0    17    7     1.30756
 0  0    17    8     1.50458
 0  0    17    9     1.46884
 0  0    17    10     1.50082
 0  0    17    11     1.50265
 0  0    17    12     1.55276
 0  0    17    13     1.30578
 0  0    17    14     1.36026
 0  0    17    15     1.11739
 0  0    17    16     1.31023
 0  0    17    17     1.28211
 0  0    17    18     1.17377
 0  0    17    19     1.01535
 0  0    17    20     1.19302
 0  0    17    21     1.0705
 0  0    17    22     1.0479
 0  0    17    23     1.15973
 0  0    17    24     1.13217
 0  0    17    25     1.3425
 0  0    17    26     1.14561
 0  0    17    27     1.27076
 0  0    17    28     0.826569
 0  0    17    29     1.11751
 0  0    17    30     1.03207
 0  0    17    31     1.01229
 0  0    18    0     1.04236
 0  0    18    1     1.21674
 0  0    18    2     1.46684
 0  0    18    3     1.37673
 0  0    18    4     1.18475
 0  0    18    5     1.31155
 0  0    18    6     1.23465
 0  0    18    7     1.3046
 0  0    18    8     1.3024
 0  0    18    9     1.21865
 0  0    18    10     1.16416
 0  0    18    11     1.1562
 0  0    18    12     1.02895
 0  0    18    13     1.55946
 0  0    18    14     1.47297
 0  0    18    15     1.4233
 0  0    18    16     1.01341
 0  0    18    17     1.50253
 0  0    18    18     1.34151
 0  0    18    19     1.15543
 0  0    18    20     1.08266
 0  0    18    21     1.06739
 0  0    18    22     1.30989
 0  0    18    23     1.00547
 0  0    18    24     1.13193
 0  0    18    25     0.96761
 0  0    18    26     1.08896
 0  0    18    27     1.00289
 0  0    18    28     1.02271
 0  0    18    29     1.17773
 0  0    18    30     1.10718
 0  0    18    31     1.01916
 0  0    19    0     1.20228
 0  0    19    1     1.21651
 0  0    19    2     1.63205
 0  0    19    3     1.7409
 0  0    19    4     1.21076
 0  0    19    5     1.26873
 0  0    19    6     1.18698
 0  0    19    7     1.0068
 0  0    19    8     1.17383
 0  0    19    9     1.22433
 0  0    19    10     1.21044
 0  0    19    11     1.22797
 0  0    19    12     1.18724
 0  0    19    13     1.75433
 0  0    19    14     1.41731
 0  0    19    15     1.99868
 0  0    19    16     1.12729
 0  0    19    17     1.61734
 0  0    19    18     1.31471
 0  0    19    19     1.83193
 0  0    19    20     1.01822
 0  0    19    21     1.47184
 0  0    19    22     1.07956
 0  0    19    23     1.19881
 0  0    19    24     1.10937
 0  0    19    25     1.25283
 0  0    19    26     1.31164
 0  0    19    27     1.00093
 0  0    19    28     0.984747
 0  0    19    29     1.68631
 0  0    19    30     1.28913
 0  0    19    31     1.05515
 0  0    20    0     1.48638
 0  0    20    1     1.29486
 0  0    20    2     1.13625
 0  0    20    3     1.41271
 0  0    20    4     1.42687
 0  0    20    5     1.5641
 0  0    20    6     1.61073
 0  0    20    7     2.4751
 0  0    20    8     1.36099
 0  0    20    9     1.07748
 0  0    20    10     1.72078
 0  0    20    11     1.59465
 0  0    20    12     1.71566
 0  0    20    13     1.89426
 0  0    20    14     1.6568
 0  0    20    15     1.50697
 0  0    20    16     1.44889
 0  0    20    17     1.62564
 0  0    20    18     1.76151
 0  0    20    19     1.56027
 0  0    20    20     1.57489
 0  0    20    21     0.589246
 0  0    21    0     1.40171
 0  0    21    1     1.3346
 0  0    21    2     1.01929
 0  0    21    3     1.00462
 0  0    21    4     1.1465
 0  0    21    5     1.3137
 0  0    21    6     0.990323
 0  0    21    7     1.29531
 0  0    21    8     1.14412
 0  0    21    9     1.19065
 0  0    21    10     1.24315
 0  0    21    11     1.39706
 0  0    21    12     1.09403
 0  0    21    13     1.15664
 0  0    21    14     1.26255
 0  0    21    15     1.71975
 0  0    21    16     1.11732
 0  0    21    17     1.31103
 0  0    21    18     1.66107
 0  0    21    19     1.80056
 0  0    21    20     1.31622
 0  0    21    21     1.0983
 0  0    22    0     1.30971
 0  0    22    1     1.63002
 0  0    22    2     1.6724
 0  0    22    3     1.09775
 0  0    22    4     1.16525
 0  0    22    5     1.49297
 0  0    22    6     1.41597
 0  0    22    7     1.90803
 0  0    22    8     1.77811
 0  0    22    9     1.64862
 0  0    22    10     1.51371
 0  0    22    11     1.5651
 0  0    22    12     1.1281
 0  0    22    13     1.36166
 0  0    22    14     1.43982
 0  0    22    15     1.24418
 0  0    22    16     1.12577
 0  0    22    17     1.18659
 0  0    22    18     1.4324
 0  0    22    19     1.24431
 0  0    22    20     1.34275
 0  0    22    21     1.19085
 0  0    22    22     1.44676
 0  0    22    23     1.4219
 0  0    22    24     1.60276
 0  0    22    25     1.22033
 0  0    22    26     1.31478
 0  0    22    27     1.03257
 0  0    22    28     1.25493
 0  0    22    29     0.895833
 0  0    22    30     0.870125
 0  0    22    31     1.09391
 0  0    23    0     1.52861
 0  0    23    1     2.00861
 0  0    23    2     1.87655
 0  0    23    3     1.65121
 0  0    23    4     1.42303
 0  0    23    5     1.57376
 0  0    23    6     1.52899
 0  0    23    7     2.21438
 0  0    23    8     2.00601
 0  0    23    9     1.54029
 0  0    23    10     1.59948
 0  0    23    11     1.47902
 0  0    23    12     1.68453
 0  0    23    13     1.45631
 0  0    23    14     1.57716
 0  0    23    15     1.82247
 0  0    23    16     0.437475
 0  0    23    17     1.88044
 0  0    23    18     2.02438
 0  0    23    19     1.35653
 0  0    23    20     1.05361
 0  0    23    21     1.58266
 0  0    23    22     1.26325
 0  0    23    23     1.62456
 0  0    23    24     1.49946
 0  0    23    25     1.34153
 0  0    23    26     1.34748
 0  0    23    27     0.981744
 0  0    23    28     2.01431
 0  0    23    29     1.08584
 0  0    23    30     0.624367
 0  0    23    31     1.2221
 0  1    0    0     1.24316
 0  1    0    1     1.2264
 0  1    0    2     1.17002
 0  1    0    3     1.23328
 0  1    0    4     1.16385
 0  1    0    5     1.35092
 0  1    0    6     1.28966
 0  1    0    7     1.16069
 0  1    0    8     1.25313
 0  1    0    9     1.39843
 0  1    0    10     1.48009
 0  1    0    11     1.25769
 0  1    0    12     1.36543
 0  1    0    13     1.36749
 0  1    0    14     1.09578
 0  1    0    15     1.13576
 0  1    0    16     1.29054
 0  1    0    17     1.43388
 0  1    0    18     1.38952
 0  1    0    19     1.37946
 0  1    0    20     1.78886
 0  1    0    21     1.25138
 0  1    0    22     1.39208
 0  1    0    23     1.2793
 0  1    0    24     2.06956
 0  1    0    25     1.23079
 0  1    0    26     1.45811
 0  1    0    27     1.3705
 0  1    0    28     1.21588
 0  1    0    29     1.21217
 0  1    0    30     1.1518
 0  1    0    31     1.25184
 0  1    1    0     1.22787
 0  1    1    1     1.43262
 0  1    1    2     1.36713
 0  1    1    3     1.18583
 0  1    1    4     1.08769
 0  1    1    5     1.11989
 0  1    1    6     1.08228
 0  1    1    7     1.60948
 0  1    1    8     1.05229
 0  1    1    9     1.01579
 0  1    1    10     1.03676
 0  1    1    11     1.31481
 0  1    1    12     1.33876
 0  1    1    13     1.06281
 0  1    1    14     1.04152
 0  1    1    15     1.11823
 0  1    1    16     1.34825
 0  1    1    17     1.07558
 0  1    1    18     1.02766
 0  1    1    19     1.15041
 0  1    1    20     1.38319
 0  1    1    21     1.35864
 0  1    1    22     1.23608
 0  1    1    23     1.16283
 0  1    1    24     1.15427
 0  1    1    25     1.36863
 0  1    1    26     1.43266
 0  1    1    27     1.18679
 0  1    1    28     1.16177
 0  1    1    29     1.30819
 0  1    1    30     1.42933
 0  1    1    31     1.24673
 0  1    2    0     1.32807
 0  1    2    1     1.68307
 0  1    2    2     1.62651
 0  1    2    3     1.26224
 0  1    2    4     1.44357
 0  1    2    5     1.3271
 0  1    2    6     1.46082
 0  1    2    7     1.3715
 0  1    2    8     1.54027
 0  1    2    9     1.54056
 0  1    2    10     1.51938
 0  1    2    11     1.33635
 0  1    2    12     1.17295
 0  1    2    13     1.483
 0  1    2    14     1.36919
 0  1    2    15     1.1066
 0  1    2    16     1.16665
 0  1    2    17     1.50753
 0  1    2    18     1.56431
 0  1    2    19     1.13957
 0  1    2    20     1.19564
 0  1    2    21     1.65818
 0  1    2    22     1.48106
 0  1    2    23     1.72769
 0  1    2    24     1.16413
 0  1    2    25     1.73432
 0  1    2    26     1.67702
 0  1    2    27     1.80001
 0  1    2    28     1.16258
 0  1    2    29     1.23937
 0  1    2    30     1.71022
 0  1    2    31     1.70596
 0  1    3    0     1.14172
 0  1    3    1     1.35114
 0  1    3    2     1.44386
 0  1    3    3     1.49526
 0  1    3    4     1.42106
 0  1    3    5     1.36977
 0  1    3    6     1.43833
 0  1    3    7     1.54604
 0  1    3    8     1.27304
 0  1    3    9     1.42845
 0  1    3    10     1.31856
 0  1    3    11     1.57121
 0  1    3    12     1.11893
 0  1    3    13     1.01028
 0  1    3    14     1.28463
 0  1    3    15     1.12412
 0  1    3    16     1.20399
 0  1    3    17     0.999849
 0  1    3    18     1.01366
 0  1    3    19     1.11374
 0  1    3    20     1.77271
 0  1    3    21     1.22952
 0  1    3    22     1.20168
 0  1    3    23     1.23516
 0  1    3    24     1.43689
 0  1    3    25     1.38144
 0  1    3    26     1.35325
 0  1    3    27     1.42763
 0  1    3    28     1.49399
 0  1    3    29     1.47207
 0  1    3    30     1.54882
 0  1    3    31     0.95247
 0  1    4    0     1.57985
 0  1    4    1     1.54282
 0  1    4    2     1.62122
 0  1    4    3     1.55056
 0  1    4    4     1.54231
 0  1    4    5     1.4132
 0  1    4    6     1.49375
 0  1    4    7     1.36959
 0  1    4    8     1.44282
 0  1    4    9     1.34628
 0  1    4    10     1.5589
 0  1    4    11     1.56893
 0  1    4    12     1.24373
 0  1    4    13     1.28253
 0  1    4    14     1.25584
 0  1    4    15     1.55759
 0  1    4    16     1.10986
 0  1    4    17     1.23014
 0  1    4    18     1.27719
 0  1    4    19     1.57423
 0  1    4    20     1.31431
 0  1    4    21     1.58641
 0  1    4    22     1.53945
 0  1    4    23     1.61279
 0  1    4    24     1.36596
 0  1    4    25     1.69058
 0  1    4    26     1.41772
 0  1    4    27     1.4154
 0  1    4    28     1.22027
 0  1    4    29     1.40532
 0  1    4    30     1.34917
 0  1    4    31     1.26959
 0  1    5    0     1.13197
 0  1    5    1     1.22947
 0  1    5    2     1.26262
 0  1    5    3     1.24365
 0  1    5    4     1.00149
 0  1    5    5     1.0865
 0  1    5    6     1.23348
 0  1    5    7     0.936423
 0  1    5    8     1.11846
 0  1    5    9     1.26951
 0  1    5    10     1.03626
 0  1    5    11     1.10391
 0  1    5    12     1.63987
 0  1    5    13     1.12993
 0  1    5    14     1.08387
 0  1    5    15     1.14219
 0  1    5    16     1.56327
 0  1    5    17     1.27515
 0  1    5    18     1.11326
 0  1    5    19     1.06064
 0  1    5    20     1.04984
 0  1    5    21     1.27032
 0  1    5    22     1.23402
 0  1    5    23     1.0217
 0  1    5    24     1.10917
 0  1    5    25     1.38275
 0  1    5    26     1.21081
 0  1    5    27     1.27385
 0  1    5    28     1.12097
 0  1    5    29     1.03663
 0  1    5    30     1.06162
 0  1    5    31     1.04827
 0  1    6    0     1.18421
 0  1    6    1     1.24476
 0  1    6    2     1.34803
 0  1    6    3     1.20578
 0  1    6    4     0.987276
 0  1    6    5     1.087
 0  1    6    6     1.02248
 0  1    6    7     1.03621
 0  1    6    8     0.925305
 0  1    6    9     1.17843
 0  1    6    10     1.04301
 0  1    6    11     1.11875
 0  1    6    12     1.15318
 0  1    6    13     1.1573
 0  1    6    14     1.12731
 0  1    6    15     1.34499
 0  1    6    16     1.03198
 0  1    6    17     1.2503
 0  1    6    18     1.16875
 0  1    6    19     1.307
 0  1    6    20     1.06245
 0  1    6    21     1.28248
 0  1    6    22     1.42243
 0  1    6    23     1.22949
 0  1    6    24     1.0871
 0  1    6    25     1.53287
 0  1    6    26     1.35018
 0  1    6    27     1.26418
 0  1    6    28     1.03957
 0  1    6    29     1.10809
 0  1    6    30     1.15129
 0  1    6    31     1.21959
 0  1    7    0     1.07845
 0  1    7    1     1.25455
 0  1    7    2     1.47351
 0  1    7    3     2.2154
 0  1    7    4     1.25227
 0  1    7    5     1.49419
 0  1    7    6     1.71766
 0  1    7    7     1.35576
 0  1    7    8     1.2621
 0  1    7    9     1.51413
 0  1    7    10     1.60461
 0  1    7    11     1.27717
 0  1    7    12     1.23083
 0  1    7    13     1.50003
 0  1    7    14     1.75974
 0  1    7    15     1.69534
 0  1    7    16     1.26841
 0  1    7    17     1.492
 0  1    7    18     1.73347
 0  1    7    19     1.42496
 0  1    7    20     1.19234
 0  1    7    21     1.3068
 0  1    7    22     1.28041
 0  1    7    23     1.23837
 0  1    7    24     1.3741
 0  1    7    25     1.31506
 0  1    7    26     1.46331
 0  1    7    27     1.2751
 0  1    7    28     1.21336
 0  1    7    29     1.61368
 0  1    7    30     1.4364
 0  1    7    31     1.24449
 0  1    8    0     1.52388
 0  1    8    1     1.54137
 0  1    8    2     1.43528
 0  1    8    3     0.989591
 0  1    8    4     1.22239
 0  1    8    5     0.999223
 0  1    8    6     0.971836
 0  1    8    7     1.35434
 0  1    8    8     1.40614
 0  1    8    9     1.28241
 0  1    8    10     1.24703
 0  1    8    11     1.54524
 0  1    8    12     1.27559
 0  1    8    13     1.57504
 0  1    8    14     1.63276
 0  1    8    15     1.23166
 0  1    8    16     1.36798
 0  1    8    17     1.6398
 0  1    8    18     1.49023
 0  1    8    19     1.51354
 0  1    8    20     1.25411
 0  1    8    21     1.52334
 0  1    8    22     1.31513
 0  1    8    23     1.71757
 0  1    8    24     1.08471
 0  1    8    25     1.6892
 0  1    8    26     1.68076
 0  1    8    27     1.66661
 0  1    8    28     1.12949
 0  1    8    29     1.356
 0  1    8    30     1.29897
 0  1    8    31     1.40255
 0  1    9    0     1.01809
 0  1    9    1     1.4446
 0  1    9    2     1.31727
 0  1    9    3     1.16196
 0  1    9    4     1.61499
 0  1    9    5     1.45879
 0  1    9    6     1.35124
 0  1    9    7     1.26531
 0  1    9    8     1.58819
 0  1    9    9     1.48409
 0  1    9    10     1.36716
 0  1    9    11     1.52262
 0  1    9    12     1.31081
 0  1    9    13     1.73707
 0  1    9    14     1.70386
 0  1    9    15     1.2842
 0  1    9    16     1.24992
 0  1    9    17     1.64012
 0  1    9    18     1.52227
 0  1    9    19     1.25181
 0  1    9    20     1.6155
 0  1    9    21     1.19396
 0  1    9    22     1.21209
 0  1    9    23     1.22616
 0  1    9    24     1.76732
 0  1    9    25     1.38015
 0  1    9    26     1.30069
 0  1    9    27     1.21833
 0  1    9    28     1.62002
 0  1    9    29     1.04334
 0  1    9    30     1.01306
 0  1    9    31     0.931875
 0  1    10    0     1.20209
 0  1    10    1     1.17861
 0  1    10    2     1.09965
 0  1    10    3     0.947227
 0  1    10    4     1.7455
 0  1    10    5     1.22563
 0  1    10    6     1.44892
 0  1    10    7     1.42091
 0  1    10    8     1.8189
 0  1    10    9     1.05216
 0  1    10    10     1.14988
 0  1    10    11     1.52104
 0  1    10    12     1.10569
 0  1    10    13     1.112
 0  1    10    14     1.0685
 0  1    10    15     1.13862
 0  1    10    16     1.06608
 0  1    10    17     1.12275
 0  1    10    18     1.0165
 0  1    10    19     1.09382
 0  1    10    20     0.893787
 0  1    10    21     1.36434
 0  1    10    22     1.54072
 0  1    10    23     0.902662
 0  1    10    24     0.902238
 0  1    10    25     1.36409
 0  1    10    26     1.27909
 0  1    10    27     1.00828
 0  1    10    28     1.10031
 0  1    10    29     1.15689
 0  1    10    30     0.914218
 0  1    10    31     1.02116
 0  1    11    0     0.949971
 0  1    11    1     1.13756
 0  1    11    2     1.08925
 0  1    11    3     1.2069
 0  1    11    4     1.51719
 0  1    11    5     1.44151
 0  1    11    6     1.57869
 0  1    11    7     1.33023
 0  1    11    8     1.27721
 0  1    11    9     1.30785
 0  1    11    10     1.36063
 0  1    11    11     1.3702
 0  1    11    12     1.0895
 0  1    11    13     1.20523
 0  1    11    14     1.14613
 0  1    11    15     1.19006
 0  1    11    16     1.1161
 0  1    11    17     1.0532
 0  1    11    18     1.18137
 0  1    11    19     1.26503
 0  1    11    20     1.03878
 0  1    11    21     1.12116
 0  1    11    22     1.11194
 0  1    11    23     1.11704
 0  1    11    24     0.841448
 0  1    11    25     1.0535
 0  1    11    26     1.10228
 0  1    11    27     1.3357
 0  1    11    28     1.00931
 0  1    11    29     1.14216
 0  1    11    30     0.993324
 0  1    11    31     1.03999
 0  1    12    0     1.18207
 0  1    12    1     1.49529
 0  1    12    2     1.66601
 0  1    12    3     1.24055
 0  1    12    4     1.28541
 0  1    12    5     1.12701
 0  1    12    6     1.18194
 0  1    12    7     0.992517
 0  1    12    8     1.38176
 0  1    12    9     1.0877
 0  1    12    10     1.28123
 0  1    12    11     0.983238
 0  1    12    12     1.29638
 0  1    12    13     1.29717
 0  1    12    14     1.27843
 0  1    12    15     1.21288
 0  1    12    16     1.17944
 0  1    12    17     1.33411
 0  1    12    18     1.20565
 0  1    12    19     1.16791
 0  1    12    20     1.00457
 0  1    12    21     1.13994
 0  1    12    22     1.05787
 0  1    12    23     1.04563
 0  1    12    24     1.28069
 0  1    12    25     1.1064
 0  1    12    26     1.00401
 0  1    12    27     1.20379
 0  1    12    28     0.885606
 0  1    12    29     0.8965
 0  1    12    30     1.13725
 0  1    12    31     0.884948
 0  1    13    0     1.25521
 0  1    13    1     1.25738
 0  1    13    2     1.23195
 0  1    13    3     1.47884
 0  1    13    4     1.15337
 0  1    13    5     1.32049
 0  1    13    6     1.34468
 0  1    13    7     1.36506
 0  1    13    8     1.1075
 0  1    13    9     1.50492
 0  1    13    10     1.37614
 0  1    13    11     1.28767
 0  1    13    12     1.26204
 0  1    13    13     1.04032
 0  1    13    14     1.09489
 0  1    13    15     1.33709
 0  1    13    16     1.1397
 0  1    13    17     1.01345
 0  1    13    18     1.03574
 0  1    13    19     1.17395
 0  1    13    20     1.05143
 0  1    13    21     1.23094
 0  1    13    22     1.43558
 0  1    13    23     1.11773
 0  1    13    24     1.05563
 0  1    13    25     1.16466
 0  1    13    26     1.28592
 0  1    13    27     1.20781
 0  1    13    28     0.989475
 0  1    13    29     1.19158
 0  1    13    30     1.06413
 0  1    13    31     1.00996
 0  1    14    0     1.56955
 0  1    14    1     1.04888
 0  1    14    2     1.05499
 0  1    14    3     0.940544
 0  1    14    4     1.33541
 0  1    14    5     1.31215
 0  1    14    6     1.55868
 0  1    14    7     1.17544
 0  1    14    8     1.28583
 0  1    14    9     1.37519
 0  1    14    10     1.70363
 0  1    14    11     1.23032
 0  1    14    12     1.19116
 0  1    14    13     1.05028
 0  1    14    14     1.08475
 0  1    14    15     1.07858
 0  1    14    16     1.0624
 0  1    14    17     1.08841
 0  1    14    18     1.31337
 0  1    14    19     1.02283
 0  1    14    20     1.03398
 0  1    14    21     1.03129
 0  1    14    22     1.05772
 0  1    14    23     1.32881
 0  1    14    24     1.28137
 0  1    14    25     1.14984
 0  1    14    26     1.1319
 0  1    14    27     1.41192
 0  1    14    28     0.998075
 0  1    14    29     1.10222
 0  1    14    30     1.1561
 0  1    14    31     1.35685
 0  1    15    0     0.988429
 0  1    15    1     1.11092
 0  1    15    2     0.959542
 0  1    15    3     0.963589
 0  1    15    4     1.14018
 0  1    15    5     1.41954
 0  1    15    6     1.25444
 0  1    15    7     1.1022
 0  1    15    8     1.10966
 0  1    15    9     1.35468
 0  1    15    10     1.31434
 0  1    15    11     1.14341
 0  1    15    12     1.1266
 0  1    15    13     1.46998
 0  1    15    14     1.30558
 0  1    15    15     1.11434
 0  1    15    16     1.11639
 0  1    15    17     1.48796
 0  1    15    18     1.46227
 0  1    15    19     1.299
 0  1    15    20     0.984955
 0  1    15    21     1.24797
 0  1    15    22     1.15392
 0  1    15    23     1.01451
 0  1    15    24     1.17819
 0  1    15    25     1.33048
 0  1    15    26     1.16819
 0  1    15    27     1.11368
 0  1    15    28     1.06925
 0  1    15    29     1.19542
 0  1    15    30     1.06145
 0  1    15    31     1.05865
 0  1    16    0     0.870867
 0  1    16    1     1.14869
 0  1    16    2     0.982461
 0  1    16    3     0.9424
 0  1    16    4     1.35002
 0  1    16    5     1.09366
 0  1    16    6     1.12696
 0  1    16    7     1.10979
 0  1    16    8     1.17461
 0  1    16    9     1.16305
 0  1    16    10     1.14804
 0  1    16    11     1.11122
 0  1    16    12     1.09683
 0  1    16    13     1.05458
 0  1    16    14     1.37893
 0  1    16    15     1.1222
 0  1    16    16     1.09794
 0  1    16    17     1.2741
 0  1    16    18     1.45374
 0  1    16    19     1.17535
 0  1    16    20     1.09831
 0  1    16    21     1.14811
 0  1    16    22     1.42346
 0  1    16    23     1.31582
 0  1    16    24     1.01587
 0  1    16    25     1.11165
 0  1    16    26     1.27798
 0  1    16    27     1.13932
 0  1    16    28     1.08991
 0  1    16    29     1.20741
 0  1    16    30     1.4047
 0  1    16    31     1.21989
 0  1    17    0     0.931972
 0  1    17    1     1.08316
 0  1    17    2     1.08525
 0  1    17    3     0.966485
 0  1    17    4     1.04185
 0  1    17    5     1.00801
 0  1    17    6     1.08717
 0  1    17    7     1.61158
 0  1    17    8     1.10005
 0  1    17    9     1.02386
 0  1    17    10     1.03254
 0  1    17    11     1.59367
 0  1    17    12     1.16482
 0  1    17    13     1.24065
 0  1    17    14     1.11597
 0  1    17    15     0.941555
 0  1    17    16     1.12071
 0  1    17    17     1.17988
 0  1    17    18     1.18445
 0  1    17    19     0.955919
 0  1    17    20     1.29139
 0  1    17    21     1.33262
 0  1    17    22     1.23344
 0  1    17    23     1.21357
 0  1    17    24     1.06659
 0  1    17    25     1.33504
 0  1    17    26     1.30652
 0  1    17    27     1.10921
 0  1    17    28     1.30441
 0  1    17    29     1.34402
 0  1    17    30     1.25879
 0  1    17    31     1.06158
 0  1    18    0     1.00805
 0  1    18    1     1.13674
 0  1    18    2     1.20681
 0  1    18    3     1.06435
 0  1    18    4     1.56231
 0  1    18    5     1.5921
 0  1    18    6     1.39956
 0  1    18    7     1.07668
 0  1    18    8     1.50356
 0  1    18    9     1.64846
 0  1    18    10     1.57986
 0  1    18    11     1.19187
 0  1    18    12     0.871605
 0  1    18    13     1.09218
 0  1    18    14     1.05065
 0  1    18    15     2.00109
 0  1    18    16     0.886476
 0  1    18    17     1.14506
 0  1    18    18     1.14641
 0  1    18    19     1.9569
 0  1    18    20     1.20143
 0  1    18    21     1.23394
 0  1    18    22     1.2969
 0  1    18    23     1.08922
 0  1    18    24     1.01713
 0  1    18    25     1.38273
 0  1    18    26     1.22614
 0  1    18    27     1.10459
 0  1    18    28     1.27818
 0  1    18    29     1.15327
 0  1    18    30     1.24692
 0  1    18    31     1.13766
 0  1    19    0     1.22561
 0  1    19    1     1.15245
 0  1    19    2     1.15779
 0  1    19    3     1.23973
 0  1    19    4     1.37779
 0  1    19    5     1.07825
 0  1    19    6     1.0967
 0  1    19    7     1.61733
 0  1    19    8     1.0544
 0  1    19    9     1.07805
 0  1    19    10     1.07848
 0  1    19    11     1.72482
 0  1    19    12     2.01974
 0  1    19    13     1.32589
 0  1    19    14     1.12938
 0  1    19    15     2.17974
 0  1    19    16     2.14843
 0  1    19    17     1.26308
 0  1    19    18     1.39109
 0  1    19    19     1.57673
 0  1    19    20     1.35663
 0  1    19    21     1.05268
 0  1    19    22     1.52539
 0  1    19    23     1.09268
 0  1    19    24     1.21287
 0  1    19    25     1.1423
 0  1    19    26     1.16998
 0  1    19    27     1.6599
 0  1    19    28     1.20538
 0  1    19    29     1.30282
 0  1    19    30     1.17273
 0  1    19    31     1.47424
 0  1    20    0     1.61083
 0  1    20    1     1.34287
 0  1    20    2     1.35762
 0  1    20    3     1.45414
 0  1    20    4     1.38262
 0  1    20    5     1.34161
 0  1    20    6     2.04632
 0  1    20    7     1.88866
 0  1    20    8     1.50055
 0  1    20    9     1.56422
 0  1    20    10     1.89723
 0  1    20    11     2.13267
 0  1    20    12     1.58435
 0  1    20    13     1.46154
 0  1    20    14     1.68749
 0  1    20    15     1.79783
 0  1    20    16     2.20328
 0  1    20    17     2.21816
 0  1    20    18     1.56793
 0  1    20    19     0.900901
 0  1    20    20     1.33892
 0  1    20    21     1.63946
 0  1    21    0     0.482041
 0  1    21    1     1.26463
 0  1    21    2     1.47082
 0  1    21    3     1.26901
 0  1    21    4     1.2118
 0  1    21    5     1.25262
 0  1    21    6     1.40798
 0  1    21    7     1.8635
 0  1    21    8     1.95227
 0  1    21    9     1.46113
 0  1    21    10     1.4717
 0  1    21    11     1.2595
 0  1    21    12     1.2889
 0  1    21    13     1.31128
 0  1    21    14     1.37331
 0  1    21    15     1.6197
 0  1    21    16     1.58415
 0  1    21    17     1.46724
 0  1    21    18     2.19836
 0  1    21    19     0.572461
 0  1    21    20     0.647244
 0  1    21    21     0.551395
 0  1    22    0     1.42334
 0  1    22    1     1.30894
 0  1    22    2     1.56026
 0  1    22    3     1.27223
 0  1    22    4     1.92389
 0  1    22    5     2.10829
 0  1    22    6     2.37975
 0  1    22    7     1.31064
 0  1    22    8     1.40371
 0  1    22    9     1.18293
 0  1    22    10     1.28102
 0  1    22    11     1.75835
 0  1    22    12     1.59873
 0  1    22    13     1.27312
 0  1    22    14     1.4516
 0  1    22    15     1.38761
 0  1    22    16     1.28293
 0  1    22    17     2.35945
 0  1    22    18     2.22206
 0  1    22    19     1.26092
 0  1    22    20     1.25635
 0  1    22    21     0.932207
 0  1    22    22     0.96437
 0  1    22    23     1.20121
 0  1    22    24     1.27623
 0  1    22    25     1.1276
 0  1    22    26     1.27309
 0  1    22    27     1.22819
 0  1    22    28     1.16893
 0  1    22    29     1.31097
 0  1    22    30     1.07336
 0  1    22    31     1.07498
 0  1    23    0     0.498407
 0  1    23    1     1.9887
 0  1    23    2     0.477981
 0  1    23    3     1.17816
 0  1    23    4     1.51313
 0  1    23    5     0.698974
 0  1    23    6     1.77305
 0  1    23    7     1.48217
 0  1    23    8     1.20268
 0  1    23    9     1.66896
 0  1    23    10     0.596754
 0  1    23    11     1.90119
 0  1    23    12     1.24732
 0  1    23    13     1.24159
 0  1    23    14     1.31452
 0  1    23    15     1.11032
 0  1    23    16     1.48804
 0  1    23    17     1.59349
 0  1    23    18     1.36831
 0  1    23    19     1.36338
 0  1    23    20     1.34256
 0  1    23    21     1.90167
 0  1    23    22     1.7671
 0  1    23    23     1.88235
 0  1    23    24     1.92258
 0  1    23    25     0.367088
 0  1    23    26     1.85864
 0  1    23    27     2.13915
 0  1    23    28     1.85548
 0  1    23    29     0.894242
 0  1    23    30     2.10121
 0  1    23    31     0.79251
