 0  0    0    0     1.11989
 0  0    0    1     1.15473
 0  0    0    2     1.18143
 0  0    0    3     1.11824
 0  0    0    4     1.28085
 0  0    0    5     1.27259
 0  0    0    6     1.38788
 0  0    0    7     1.30286
 0  0    0    8     1.5047
 0  0    0    9     1.29812
 0  0    0    10     1.19953
 0  0    0    11     1.31616
 0  0    0    12     1.00416
 0  0    0    13     1.33752
 0  0    0    14     1.14942
 0  0    0    15     1.20594
 0  0    0    16     1.11661
 0  0    0    17     1.32803
 0  0    0    18     1.31484
 0  0    0    19     1.23508
 0  0    0    20     1.28453
 0  0    0    21     1.89843
 0  0    0    22     1.61184
 0  0    0    23     1.32903
 0  0    0    24     1.35245
 0  0    0    25     1.57522
 0  0    0    26     1.78643
 0  0    0    27     1.21419
 0  0    0    28     1.71153
 0  0    0    29     1.30038
 0  0    0    30     1.25688
 0  0    0    31     1.27617
 0  0    1    0     1.31863
 0  0    1    1     1.46586
 0  0    1    2     1.26539
 0  0    1    3     0.848624
 0  0    1    4     1.2649
 0  0    1    5     1.41922
 0  0    1    6     1.19649
 0  0    1    7     1.04315
 0  0    1    8     1.22142
 0  0    1    9     1.18416
 0  0    1    10     1.02958
 0  0    1    11     1.08343
 0  0    1    12     1.26183
 0  0    1    13     1.47448
 0  0    1    14     1.5963
 0  0    1    15     1.24679
 0  0    1    16     1.55358
 0  0    1    17     1.5444
 0  0    1    18     1.50536
 0  0    1    19     1.28521
 0  0    1    20     1.18685
 0  0    1    21     1.03885
 0  0    1    22     1.01857
 0  0    1    23     1.17223
 0  0    1    24     1.07826
 0  0    1    25     1.03691
 0  0    1    26     1.03773
 0  0    1    27     1.18243
 0  0    1    28     1.1898
 0  0    1    29     0.964262
 0  0    1    30     0.95707
 0  0    1    31     1.39378
 0  0    2    0     0.87361
 0  0    2    1     0.968101
 0  0    2    2     1.19318
 0  0    2    3     1.64188
 0  0    2    4     0.973166
 0  0    2    5     1.02708
 0  0    2    6     1.08368
 0  0    2    7     0.977293
 0  0    2    8     1.15703
 0  0    2    9     1.23946
 0  0    2    10     1.02476
 0  0    2    11     1.3646
 0  0    2    12     1.31976
 0  0    2    13     1.23927
 0  0    2    14     1.22069
 0  0    2    15     1.28385
 0  0    2    16     1.21167
 0  0    2    17     1.17993
 0  0    2    18     1.21305
 0  0    2    19     1.12107
 0  0    2    20     1.08704
 0  0    2    21     1.32466
 0  0    2    22     1.29927
 0  0    2    23     1.29379
 0  0    2    24     1.1154
 0  0    2    25     1.27869
 0  0    2    26     1.16364
 0  0    2    27     1.24285
 0  0    2    28     1.24944
 0  0    2    29     1.50335
 0  0    2    30     1.44182
 0  0    2    31     0.991401
 0  0    3    0     1.78547
 0  0    3    1     1.08696
 0  0    3    2     1.10851
 0  0    3    3     1.11732
 0  0    3    4     1.11581
 0  0    3    5     0.990576
 0  0    3    6     1.09413
 0  0    3    7     1.16671
 0  0    3    8     1.16231
 0  0    3    9     1.02984
 0  0    3    10     1.03412
 0  0    3    11     1.08851
 0  0    3    12     1.12905
 0  0    3    13     1.36973
 0  0    3    14     1.24685
 0  0    3    15     1.62987
 0  0    3    16     1.24534
 0  0    3    17     1.17527
 0  0    3    18     1.42426
 0  0    3    19     1.52783
 0  0    3    20     1.22772
 0  0    3    21     1.13582
 0  0    3    22     1.15554
 0  0    3    23     1.30603
 0  0    3    24     1.35879
 0  0    3    25     1.18635
 0  0    3    26     1.1106
 0  0    3    27     1.66329
 0  0    3    28     0.978982
 0  0    3    29     1.56892
 0  0    3    30     1.41172
 0  0    3    31     1.032
 0  0    4    0     1.08647
 0  0    4    1     1.34092
 0  0    4    2     1.33893
 0  0    4    3     0.934957
 0  0    4    4     1.28796
 0  0    4    5     1.29871
 0  0    4    6     1.34569
 0  0    4    7     1.33708
 0  0    4    8     1.1128
 0  0    4    9     1.22501
 0  0    4    10     1.42781
 0  0    4    11     1.27765
 0  0    4    12     1.5523
 0  0    4    13     1.24552
 0  0    4    14     1.31131
 0  0    4    15     1.2068
 0  0    4    16     1.43645
 0  0    4    17     1.22801
 0  0    4    18     1.23497
 0  0    4    19     1.13703
 0  0    4    20     1.30852
 0  0    4    21     1.52116
 0  0    4    22     1.28251
 0  0    4    23     1.34682
 0  0    4    24     1.34765
 0  0    4    25     1.27697
 0  0    4    26     1.56371
 0  0    4    27     1.23257
 0  0    4    28     0.995695
 0  0    4    29     1.1796
 0  0    4    30     1.18182
 0  0    4    31     1.32855
 0  0    5    0     1.55275
 0  0    5    1     1.23654
 0  0    5    2     1.23517
 0  0    5    3     1.06808
 0  0    5    4     1.23601
 0  0    5    5     0.94028
 0  0    5    6     1.16746
 0  0    5    7     1.21391
 0  0    5    8     1.16241
 0  0    5    9     1.17775
 0  0    5    10     1.13595
 0  0    5    11     1.12797
 0  0    5    12     1.21203
 0  0    5    13     1.07708
 0  0    5    14     1.05236
 0  0    5    15     1.55838
 0  0    5    16     1.33125
 0  0    5    17     1.63921
 0  0    5    18     1.085
 0  0    5    19     1.50026
 0  0    5    20     1.77456
 0  0    5    21     1.73602
 0  0    5    22     1.25527
 0  0    5    23     1.07822
 0  0    5    24     1.77527
 0  0    5    25     1.76763
 0  0    5    26     1.05705
 0  0    5    27     1.08304
 0  0    5    28     1.16496
 0  0    5    29     1.89664
 0  0    5    30     1.63876
 0  0    5    31     1.09427
 0  0    6    0     1.21195
 0  0    6    1     1.054
 0  0    6    2     0.892955
 0  0    6    3     1.34345
 0  0    6    4     1.35862
 0  0    6    5     1.32641
 0  0    6    6     1.54169
 0  0    6    7     1.13933
 0  0    6    8     1.32796
 0  0    6    9     1.34063
 0  0    6    10     1.51897
 0  0    6    11     0.990071
 0  0    6    12     1.80911
 0  0    6    13     1.16585
 0  0    6    14     1.26591
 0  0    6    15     0.99334
 0  0    6    16     1.86241
 0  0    6    17     1.27472
 0  0    6    18     1.19967
 0  0    6    19     0.950423
 0  0    6    20     1.06369
 0  0    6    21     1.3686
 0  0    6    22     1.08114
 0  0    6    23     0.964222
 0  0    6    24     1.11742
 0  0    6    25     1.0855
 0  0    6    26     1.02106
 0  0    6    27     0.999555
 0  0    6    28     1.44236
 0  0    6    29     1.66642
 0  0    6    30     1.16057
 0  0    6    31     1.48494
 0  0    7    0     1.21528
 0  0    7    1     1.34487
 0  0    7    2     1.26343
 0  0    7    3     0.977232
 0  0    7    4     1.12079
 0  0    7    5     1.20524
 0  0    7    6     1.11865
 0  0    7    7     1.28543
 0  0    7    8     1.02119
 0  0    7    9     1.08819
 0  0    7    10     1.15375
 0  0    7    11     1.20477
 0  0    7    12     1.03502
 0  0    7    13     1.2762
 0  0    7    14     1.01471
 0  0    7    15     1.09112
 0  0    7    16     0.925794
 0  0    7    17     0.988433
 0  0    7    18     1.03885
 0  0    7    19     1.00563
 0  0    7    20     0.977594
 0  0    7    21     1.17187
 0  0    7    22     1.09458
 0  0    7    23     1.17575
 0  0    7    24     1.03719
 0  0    7    25     1.10124
 0  0    7    26     0.955393
 0  0    7    27     1.16257
 0  0    7    28     1.28703
 0  0    7    29     1.25204
 0  0    7    30     1.07098
 0  0    7    31     1.13591
 0  0    8    0     0.99928
 0  0    8    1     1.47724
 0  0    8    2     1.34624
 0  0    8    3     0.971736
 0  0    8    4     1.48866
 0  0    8    5     1.35021
 0  0    8    6     1.38021
 0  0    8    7     1.22062
 0  0    8    8     1.22362
 0  0    8    9     1.18556
 0  0    8    10     1.19895
 0  0    8    11     1.31488
 0  0    8    12     1.01534
 0  0    8    13     1.27537
 0  0    8    14     1.2173
 0  0    8    15     1.84663
 0  0    8    16     0.967912
 0  0    8    17     1.40855
 0  0    8    18     1.24781
 0  0    8    19     1.29093
 0  0    8    20     1.32854
 0  0    8    21     1.23793
 0  0    8    22     1.2453
 0  0    8    23     1.21555
 0  0    8    24     1.24068
 0  0    8    25     1.18979
 0  0    8    26     1.40539
 0  0    8    27     1.24453
 0  0    8    28     1.11243
 0  0    8    29     0.939454
 0  0    8    30     1.15652
 0  0    8    31     1.54654
 0  0    9    0     0.981709
 0  0    9    1     1.14802
 0  0    9    2     1.17238
 0  0    9    3     1.46305
 0  0    9    4     1.30259
 0  0    9    5     1.43995
 0  0    9    6     1.44173
 0  0    9    7     1.3782
 0  0    9    8     1.25642
 0  0    9    9     1.47037
 0  0    9    10     1.38949
 0  0    9    11     1.2467
 0  0    9    12     1.27849
 0  0    9    13     1.73936
 0  0    9    14     1.42453
 0  0    9    15     1.11187
 0  0    9    16     1.41544
 0  0    9    17     1.52048
 0  0    9    18     1.25846
 0  0    9    19     1.06151
 0  0    9    20     1.2011
 0  0    9    21     1.4329
 0  0    9    22     1.15668
 0  0    9    23     1.19715
 0  0    9    24     1.13797
 0  0    9    25     1.28193
 0  0    9    26     1.1904
 0  0    9    27     1.05552
 0  0    9    28     1.07067
 0  0    9    29     1.18879
 0  0    9    30     1.36841
 0  0    9    31     1.03209
 0  0    10    0     1.16012
 0  0    10    1     1.89204
 0  0    10    2     1.4672
 0  0    10    3     0.889437
 0  0    10    4     1.27777
 0  0    10    5     1.54955
 0  0    10    6     1.38896
 0  0    10    7     0.921487
 0  0    10    8     1.26929
 0  0    10    9     1.30986
 0  0    10    10     1.26164
 0  0    10    11     1.44115
 0  0    10    12     0.917436
 0  0    10    13     1.24432
 0  0    10    14     1.18371
 0  0    10    15     1.31563
 0  0    10    16     1.09444
 0  0    10    17     1.27841
 0  0    10    18     1.18007
 0  0    10    19     1.30737
 0  0    10    20     0.961188
 0  0    10    21     1.19065
 0  0    10    22     1.26558
 0  0    10    23     1.27773
 0  0    10    24     1.27894
 0  0    10    25     1.2648
 0  0    10    26     1.13884
 0  0    10    27     1.28766
 0  0    10    28     1.2541
 0  0    10    29     1.28081
 0  0    10    30     1.12644
 0  0    10    31     1.2541
 0  0    11    0     1.51857
 0  0    11    1     1.64829
 0  0    11    2     1.21385
 0  0    11    3     1.40121
 0  0    11    4     1.36871
 0  0    11    5     1.74878
 0  0    11    6     1.21921
 0  0    11    7     0.809096
 0  0    11    8     1.3557
 0  0    11    9     1.66819
 0  0    11    10     1.14557
 0  0    11    11     1.09218
 0  0    11    12     1.51504
 0  0    11    13     1.1377
 0  0    11    14     1.10318
 0  0    11    15     0.841753
 0  0    11    16     1.53063
 0  0    11    17     1.19376
 0  0    11    18     1.09463
 0  0    11    19     0.822192
 0  0    11    20     0.832761
 0  0    11    21     0.964773
 0  0    11    22     1.22632
 0  0    11    23     1.44
 0  0    11    24     1.36718
 0  0    11    25     1.07175
 0  0    11    26     1.06583
 0  0    11    27     1.29942
 0  0    11    28     1.25933
 0  0    11    29     1.25036
 0  0    11    30     1.18824
 0  0    11    31     1.22129
 0  0    12    0     1.40615
 0  0    12    1     1.11677
 0  0    12    2     1.02279
 0  0    12    3     1.21823
 0  0    12    4     0.927807
 0  0    12    5     1.28542
 0  0    12    6     1.39719
 0  0    12    7     1.64554
 0  0    12    8     1.08149
 0  0    12    9     1.51734
 0  0    12    10     1.46753
 0  0    12    11     1.57958
 0  0    12    12     0.860654
 0  0    12    13     1.39417
 0  0    12    14     1.62504
 0  0    12    15     1.98308
 0  0    12    16     0.872132
 0  0    12    17     1.80822
 0  0    12    18     1.68314
 0  0    12    19     1.88493
 0  0    12    20     1.57086
 0  0    12    21     1.27435
 0  0    12    22     1.94364
 0  0    12    23     1.22348
 0  0    12    24     1.32622
 0  0    12    25     1.35419
 0  0    12    26     1.41824
 0  0    12    27     1.13732
 0  0    12    28     1.03849
 0  0    12    29     1.34537
 0  0    12    30     1.29773
 0  0    12    31     1.02402
 0  0    13    0     1.09176
 0  0    13    1     0.940619
 0  0    13    2     1.23729
 0  0    13    3     1.82479
 0  0    13    4     1.55907
 0  0    13    5     1.25262
 0  0    13    6     1.33042
 0  0    13    7     1.32904
 0  0    13    8     1.36356
 0  0    13    9     1.25659
 0  0    13    10     1.29805
 0  0    13    11     1.36308
 0  0    13    12     1.57296
 0  0    13    13     1.27354
 0  0    13    14     1.32775
 0  0    13    15     1.28903
 0  0    13    16     1.19344
 0  0    13    17     1.16521
 0  0    13    18     1.19987
 0  0    13    19     1.40733
 0  0    13    20     0.977501
 0  0    13    21     1.37362
 0  0    13    22     1.42585
 0  0    13    23     1.32763
 0  0    13    24     0.946878
 0  0    13    25     1.34146
 0  0    13    26     1.0903
 0  0    13    27     1.2411
 0  0    13    28     0.9614
 0  0    13    29     1.57507
 0  0    13    30     1.11847
 0  0    13    31     1.49631
 0  0    14    0     1.13889
 0  0    14    1     1.2899
 0  0    14    2     1.40473
 0  0    14    3     1.42154
 0  0    14    4     1.41922
 0  0    14    5     1.25616
 0  0    14    6     1.22622
 0  0    14    7     1.33869
 0  0    14    8     1.27416
 0  0    14    9     1.24695
 0  0    14    10     1.36862
 0  0    14    11     1.18187
 0  0    14    12     1.36278
 0  0    14    13     1.35611
 0  0    14    14     1.33546
 0  0    14    15     1.03975
 0  0    14    16     1.24006
 0  0    14    17     1.37945
 0  0    14    18     1.42787
 0  0    14    19     1.08922
 0  0    14    20     1.13768
 0  0    14    21     1.85706
 0  0    14    22     1.79853
 0  0    14    23     1.23885
 0  0    14    24     1.33471
 0  0    14    25     1.85105
 0  0    14    26     1.49287
 0  0    14    27     1.33914
 0  0    14    28     1.27127
 0  0    14    29     1.45835
 0  0    14    30     1.45125
 0  0    14    31     1.84421
 0  0    15    0     1.1607
 0  0    15    1     1.17968
 0  0    15    2     1.33176
 0  0    15    3     1.19921
 0  0    15    4     0.907072
 0  0    15    5     1.46757
 0  0    15    6     1.42803
 0  0    15    7     1.33116
 0  0    15    8     1.02029
 0  0    15    9     1.62532
 0  0    15    10     1.279
 0  0    15    11     1.26722
 0  0    15    12     0.966046
 0  0    15    13     1.34323
 0  0    15    14     1.14522
 0  0    15    15     1.55063
 0  0    15    16     0.908884
 0  0    15    17     1.34434
 0  0    15    18     1.09554
 0  0    15    19     1.59297
 0  0    15    20     0.830193
 0  0    15    21     1.13465
 0  0    15    22     1.03455
 0  0    15    23     1.23293
 0  0    15    24     0.892247
 0  0    15    25     1.18584
 0  0    15    26     1.06892
 0  0    15    27     0.940322
 0  0    15    28     1.17507
 0  0    15    29     1.04143
 0  0    15    30     0.947279
 0  0    15    31     0.967358
 0  0    16    0     1.24291
 0  0    16    1     1.31871
 0  0    16    2     1.26575
 0  0    16    3     1.15358
 0  0    16    4     1.24665
 0  0    16    5     1.07782
 0  0    16    6     1.05573
 0  0    16    7     1.25469
 0  0    16    8     1.2143
 0  0    16    9     1.02977
 0  0    16    10     1.04632
 0  0    16    11     1.37036
 0  0    16    12     1.5224
 0  0    16    13     1.41626
 0  0    16    14     0.832533
 0  0    16    15     1.65668
 0  0    16    16     1.44505
 0  0    16    17     1.37952
 0  0    16    18     1.30087
 0  0    16    19     1.23882
 0  0    16    20     0.981535
 0  0    16    21     1.15756
 0  0    16    22     1.06884
 0  0    16    23     1.28942
 0  0    16    24     0.927599
 0  0    16    25     1.10766
 0  0    16    26     0.967025
 0  0    16    27     1.34431
 0  0    16    28     1.10099
 0  0    16    29     0.852281
 0  0    16    30     0.990092
 0  0    16    31     0.85813
 0  0    17    0     1.06829
 0  0    17    1     1.20525
 0  0    17    2     1.32378
 0  0    17    3     1.09287
 0  0    17    4     1.55346
 0  0    17    5     1.51456
 0  0    17    6     1.45194
 0  0    17    7     1.30609
 0  0    17    8     1.49971
 0  0    17    9     1.46919
 0  0    17    10     1.49606
 0  0    17    11     1.50188
 0  0    17    12     1.54919
 0  0    17    13     1.30543
 0  0    17    14     1.35945
 0  0    17    15     1.11767
 0  0    17    16     1.30655
 0  0    17    17     1.28063
 0  0    17    18     1.17652
 0  0    17    19     1.01521
 0  0    17    20     1.18812
 0  0    17    21     1.07024
 0  0    17    22     1.04829
 0  0    17    23     1.16786
 0  0    17    24     1.13076
 0  0    17    25     1.33532
 0  0    17    26     1.14772
 0  0    17    27     1.26931
 0  0    17    28     0.826129
 0  0    17    29     1.1181
 0  0    17    30     1.03206
 0  0    17    31     1.00792
 0  0    18    0     1.04184
 0  0    18    1     1.21724
 0  0    18    2     1.46245
 0  0    18    3     1.38121
 0  0    18    4     1.18604
 0  0    18    5     1.31167
 0  0    18    6     1.23248
 0  0    18    7     1.30551
 0  0    18    8     1.30046
 0  0    18    9     1.22138
 0  0    18    10     1.16538
 0  0    18    11     1.15989
 0  0    18    12     1.0361
 0  0    18    13     1.55392
 0  0    18    14     1.47846
 0  0    18    15     1.41754
 0  0    18    16     1.01161
 0  0    18    17     1.50674
 0  0    18    18     1.33798
 0  0    18    19     1.15898
 0  0    18    20     1.08476
 0  0    18    21     1.06548
 0  0    18    22     1.32436
 0  0    18    23     1.00026
 0  0    18    24     1.12822
 0  0    18    25     0.971104
 0  0    18    26     1.09048
 0  0    18    27     1.00636
 0  0    18    28     1.02224
 0  0    18    29     1.17738
 0  0    18    30     1.11879
 0  0    18    31     1.01031
 0  0    19    0     1.20026
 0  0    19    1     1.21684
 0  0    19    2     1.62925
 0  0    19    3     1.76947
 0  0    19    4     1.22347
 0  0    19    5     1.2715
 0  0    19    6     1.18451
 0  0    19    7     1.0132
 0  0    19    8     1.17162
 0  0    19    9     1.22455
 0  0    19    10     1.20466
 0  0    19    11     1.22093
 0  0    19    12     1.19207
 0  0    19    13     1.72845
 0  0    19    14     1.41622
 0  0    19    15     1.93065
 0  0    19    16     1.12009
 0  0    19    17     1.59468
 0  0    19    18     1.31972
 0  0    19    19     1.88141
 0  0    19    20     1.02257
 0  0    19    21     1.52953
 0  0    19    22     1.08669
 0  0    19    23     1.19211
 0  0    19    24     1.15809
 0  0    19    25     1.25857
 0  0    19    26     1.28566
 0  0    19    27     1.0051
 0  0    19    28     0.99255
 0  0    19    29     1.69745
 0  0    19    30     1.31213
 0  0    19    31     1.07605
 0  0    20    0     1.47596
 0  0    20    1     1.29349
 0  0    20    2     1.14394
 0  0    20    3     1.40858
 0  0    20    4     1.41501
 0  0    20    5     1.56066
 0  0    20    6     1.61055
 0  0    20    7     2.47397
 0  0    20    8     1.37041
 0  0    20    9     1.07021
 0  0    20    10     1.72325
 0  0    20    11     1.60225
 0  0    20    12     1.69776
 0  0    20    13     1.92553
 0  0    20    14     1.67425
 0  0    20    15     1.53096
 0  0    20    16     1.44145
 0  0    20    17     1.61679
 0  0    20    18     1.75618
 0  0    20    19     1.6135
 0  0    20    20     1.6095
 0  0    20    21     0.589246
 0  0    21    0     1.41404
 0  0    21    1     1.33628
 0  0    21    2     1.00849
 0  0    21    3     1.00252
 0  0    21    4     1.14041
 0  0    21    5     1.31354
 0  0    21    6     0.987056
 0  0    21    7     1.2956
 0  0    21    8     1.14844
 0  0    21    9     1.19466
 0  0    21    10     1.24146
 0  0    21    11     1.39629
 0  0    21    12     1.08972
 0  0    21    13     1.15881
 0  0    21    14     1.32243
 0  0    21    15     1.71056
 0  0    21    16     1.12883
 0  0    21    17     1.33122
 0  0    21    18     1.83275
 0  0    21    19     1.61402
 0  0    21    20     1.24203
 0  0    21    21     1.17295
 0  0    22    0     1.31561
 0  0    22    1     1.6442
 0  0    22    2     1.6655
 0  0    22    3     1.0917
 0  0    22    4     1.16182
 0  0    22    5     1.48974
 0  0    22    6     1.41926
 0  0    22    7     1.90296
 0  0    22    8     1.78288
 0  0    22    9     1.65759
 0  0    22    10     1.52428
 0  0    22    11     1.57258
 0  0    22    12     1.13661
 0  0    22    13     1.35935
 0  0    22    14     1.44324
 0  0    22    15     1.25318
 0  0    22    16     1.13223
 0  0    22    17     1.1937
 0  0    22    18     1.43594
 0  0    22    19     1.24731
 0  0    22    20     1.34103
 0  0    22    21     1.19346
 0  0    22    22     1.4501
 0  0    22    23     1.42161
 0  0    22    24     1.60568
 0  0    22    25     1.2177
 0  0    22    26     1.31334
 0  0    22    27     1.03309
 0  0    22    28     1.25837
 0  0    22    29     0.901274
 0  0    22    30     0.872366
 0  0    22    31     1.08868
 0  0    23    0     1.57245
 0  0    23    1     2.02332
 0  0    23    2     1.8779
 0  0    23    3     1.65312
 0  0    23    4     1.43427
 0  0    23    5     1.57411
 0  0    23    6     1.51343
 0  0    23    7     2.1878
 0  0    23    8     1.95767
 0  0    23    9     1.54262
 0  0    23    10     1.60357
 0  0    23    11     1.46962
 0  0    23    12     1.68477
 0  0    23    13     1.46571
 0  0    23    14     1.56837
 0  0    23    15     1.78299
 0  0    23    16     0.437475
 0  0    23    17     1.80506
 0  0    23    18     2.01717
 0  0    23    19     1.5057
 0  0    23    20     1.05145
 0  0    23    21     1.52539
 0  0    23    22     1.26694
 0  0    23    23     1.63312
 0  0    23    24     1.57425
 0  0    23    25     1.37719
 0  0    23    26     1.33275
 0  0    23    27     2.28055
 0  0    23    28     1.74859
 0  0    23    29     1.08174
 0  0    23    30     0.624367
 0  0    23    31     1.22774
 0  1    0    0     1.25512
 0  1    0    1     1.22608
 0  1    0    2     1.17198
 0  1    0    3     1.23014
 0  1    0    4     1.16139
 0  1    0    5     1.34685
 0  1    0    6     1.28792
 0  1    0    7     1.15855
 0  1    0    8     1.25122
 0  1    0    9     1.39786
 0  1    0    10     1.47866
 0  1    0    11     1.25459
 0  1    0    12     1.36197
 0  1    0    13     1.3633
 0  1    0    14     1.09419
 0  1    0    15     1.13539
 0  1    0    16     1.2891
 0  1    0    17     1.43596
 0  1    0    18     1.3915
 0  1    0    19     1.37686
 0  1    0    20     1.79852
 0  1    0    21     1.2535
 0  1    0    22     1.39083
 0  1    0    23     1.28097
 0  1    0    24     2.06715
 0  1    0    25     1.23199
 0  1    0    26     1.45867
 0  1    0    27     1.36893
 0  1    0    28     1.21614
 0  1    0    29     1.2088
 0  1    0    30     1.15386
 0  1    0    31     1.25003
 0  1    1    0     1.22419
 0  1    1    1     1.43038
 0  1    1    2     1.36779
 0  1    1    3     1.18595
 0  1    1    4     1.08514
 0  1    1    5     1.12124
 0  1    1    6     1.08254
 0  1    1    7     1.607
 0  1    1    8     1.05207
 0  1    1    9     1.01446
 0  1    1    10     1.03691
 0  1    1    11     1.31599
 0  1    1    12     1.33461
 0  1    1    13     1.06089
 0  1    1    14     1.0417
 0  1    1    15     1.11747
 0  1    1    16     1.34695
 0  1    1    17     1.07589
 0  1    1    18     1.02732
 0  1    1    19     1.15137
 0  1    1    20     1.3813
 0  1    1    21     1.35826
 0  1    1    22     1.23734
 0  1    1    23     1.16435
 0  1    1    24     1.15523
 0  1    1    25     1.36723
 0  1    1    26     1.43326
 0  1    1    27     1.18717
 0  1    1    28     1.16153
 0  1    1    29     1.30687
 0  1    1    30     1.42592
 0  1    1    31     1.24614
 0  1    2    0     1.33143
 0  1    2    1     1.67627
 0  1    2    2     1.63656
 0  1    2    3     1.27253
 0  1    2    4     1.44275
 0  1    2    5     1.32944
 0  1    2    6     1.46138
 0  1    2    7     1.36823
 0  1    2    8     1.53843
 0  1    2    9     1.54426
 0  1    2    10     1.51498
 0  1    2    11     1.34036
 0  1    2    12     1.17435
 0  1    2    13     1.48528
 0  1    2    14     1.37221
 0  1    2    15     1.1086
 0  1    2    16     1.17083
 0  1    2    17     1.51045
 0  1    2    18     1.57043
 0  1    2    19     1.14669
 0  1    2    20     1.20083
 0  1    2    21     1.66573
 0  1    2    22     1.48331
 0  1    2    23     1.73541
 0  1    2    24     1.1687
 0  1    2    25     1.74301
 0  1    2    26     1.68411
 0  1    2    27     1.81087
 0  1    2    28     1.16742
 0  1    2    29     1.24755
 0  1    2    30     1.71603
 0  1    2    31     1.71891
 0  1    3    0     1.14277
 0  1    3    1     1.34824
 0  1    3    2     1.4335
 0  1    3    3     1.50355
 0  1    3    4     1.41326
 0  1    3    5     1.36287
 0  1    3    6     1.42355
 0  1    3    7     1.54087
 0  1    3    8     1.27544
 0  1    3    9     1.42655
 0  1    3    10     1.31737
 0  1    3    11     1.56542
 0  1    3    12     1.11944
 0  1    3    13     1.01077
 0  1    3    14     1.27743
 0  1    3    15     1.12201
 0  1    3    16     1.20667
 0  1    3    17     1.00205
 0  1    3    18     1.01239
 0  1    3    19     1.11222
 0  1    3    20     1.77289
 0  1    3    21     1.23126
 0  1    3    22     1.20031
 0  1    3    23     1.22991
 0  1    3    24     1.43827
 0  1    3    25     1.38221
 0  1    3    26     1.34997
 0  1    3    27     1.42336
 0  1    3    28     1.50076
 0  1    3    29     1.47365
 0  1    3    30     1.54826
 0  1    3    31     0.951584
 0  1    4    0     1.60311
 0  1    4    1     1.543
 0  1    4    2     1.6711
 0  1    4    3     1.53869
 0  1    4    4     1.54275
 0  1    4    5     1.42402
 0  1    4    6     1.50046
 0  1    4    7     1.38378
 0  1    4    8     1.45005
 0  1    4    9     1.33275
 0  1    4    10     1.54055
 0  1    4    11     1.51936
 0  1    4    12     1.24025
 0  1    4    13     1.2773
 0  1    4    14     1.24949
 0  1    4    15     1.52939
 0  1    4    16     1.11373
 0  1    4    17     1.22718
 0  1    4    18     1.27988
 0  1    4    19     1.55834
 0  1    4    20     1.31629
 0  1    4    21     1.57827
 0  1    4    22     1.54372
 0  1    4    23     1.62407
 0  1    4    24     1.36225
 0  1    4    25     1.69119
 0  1    4    26     1.41556
 0  1    4    27     1.41224
 0  1    4    28     1.21289
 0  1    4    29     1.40974
 0  1    4    30     1.34067
 0  1    4    31     1.27898
 0  1    5    0     1.13097
 0  1    5    1     1.23063
 0  1    5    2     1.25837
 0  1    5    3     1.24143
 0  1    5    4     0.998839
 0  1    5    5     1.08663
 0  1    5    6     1.23042
 0  1    5    7     0.936361
 0  1    5    8     1.11791
 0  1    5    9     1.26873
 0  1    5    10     1.03464
 0  1    5    11     1.09953
 0  1    5    12     1.63717
 0  1    5    13     1.1294
 0  1    5    14     1.08101
 0  1    5    15     1.13796
 0  1    5    16     1.55918
 0  1    5    17     1.27399
 0  1    5    18     1.11226
 0  1    5    19     1.05969
 0  1    5    20     1.05483
 0  1    5    21     1.27273
 0  1    5    22     1.23485
 0  1    5    23     1.01994
 0  1    5    24     1.11157
 0  1    5    25     1.38065
 0  1    5    26     1.21217
 0  1    5    27     1.27148
 0  1    5    28     1.12368
 0  1    5    29     1.04165
 0  1    5    30     1.06137
 0  1    5    31     1.04912
 0  1    6    0     1.18267
 0  1    6    1     1.24448
 0  1    6    2     1.34456
 0  1    6    3     1.2045
 0  1    6    4     0.986858
 0  1    6    5     1.08361
 0  1    6    6     1.02137
 0  1    6    7     1.03604
 0  1    6    8     0.924597
 0  1    6    9     1.17495
 0  1    6    10     1.04158
 0  1    6    11     1.1186
 0  1    6    12     1.15094
 0  1    6    13     1.15605
 0  1    6    14     1.12668
 0  1    6    15     1.34266
 0  1    6    16     1.03006
 0  1    6    17     1.24864
 0  1    6    18     1.16803
 0  1    6    19     1.31102
 0  1    6    20     1.06165
 0  1    6    21     1.28082
 0  1    6    22     1.42318
 0  1    6    23     1.22993
 0  1    6    24     1.08615
 0  1    6    25     1.52866
 0  1    6    26     1.34722
 0  1    6    27     1.26413
 0  1    6    28     1.03882
 0  1    6    29     1.10758
 0  1    6    30     1.15283
 0  1    6    31     1.22054
 0  1    7    0     1.08268
 0  1    7    1     1.25866
 0  1    7    2     1.48127
 0  1    7    3     2.22213
 0  1    7    4     1.25372
 0  1    7    5     1.49933
 0  1    7    6     1.72359
 0  1    7    7     1.36324
 0  1    7    8     1.26299
 0  1    7    9     1.51508
 0  1    7    10     1.60691
 0  1    7    11     1.27955
 0  1    7    12     1.23283
 0  1    7    13     1.50387
 0  1    7    14     1.76006
 0  1    7    15     1.69923
 0  1    7    16     1.26924
 0  1    7    17     1.49313
 0  1    7    18     1.73543
 0  1    7    19     1.42764
 0  1    7    20     1.1928
 0  1    7    21     1.30848
 0  1    7    22     1.2828
 0  1    7    23     1.23865
 0  1    7    24     1.37296
 0  1    7    25     1.31803
 0  1    7    26     1.46014
 0  1    7    27     1.27471
 0  1    7    28     1.21662
 0  1    7    29     1.61287
 0  1    7    30     1.43796
 0  1    7    31     1.24447
 0  1    8    0     1.5305
 0  1    8    1     1.54172
 0  1    8    2     1.43503
 0  1    8    3     0.989179
 0  1    8    4     1.22551
 0  1    8    5     1.00049
 0  1    8    6     0.973567
 0  1    8    7     1.35267
 0  1    8    8     1.41144
 0  1    8    9     1.2802
 0  1    8    10     1.24841
 0  1    8    11     1.54013
 0  1    8    12     1.27319
 0  1    8    13     1.57537
 0  1    8    14     1.63124
 0  1    8    15     1.23047
 0  1    8    16     1.369
 0  1    8    17     1.63887
 0  1    8    18     1.48553
 0  1    8    19     1.51066
 0  1    8    20     1.25585
 0  1    8    21     1.52399
 0  1    8    22     1.319
 0  1    8    23     1.71466
 0  1    8    24     1.0859
 0  1    8    25     1.69324
 0  1    8    26     1.68001
 0  1    8    27     1.66586
 0  1    8    28     1.12955
 0  1    8    29     1.35755
 0  1    8    30     1.29967
 0  1    8    31     1.40171
 0  1    9    0     1.02277
 0  1    9    1     1.43993
 0  1    9    2     1.31593
 0  1    9    3     1.1881
 0  1    9    4     1.60556
 0  1    9    5     1.4526
 0  1    9    6     1.35742
 0  1    9    7     1.2752
 0  1    9    8     1.58946
 0  1    9    9     1.48197
 0  1    9    10     1.36944
 0  1    9    11     1.48498
 0  1    9    12     1.31141
 0  1    9    13     1.73549
 0  1    9    14     1.70202
 0  1    9    15     1.28558
 0  1    9    16     1.25038
 0  1    9    17     1.63669
 0  1    9    18     1.52356
 0  1    9    19     1.24857
 0  1    9    20     1.61704
 0  1    9    21     1.19172
 0  1    9    22     1.21018
 0  1    9    23     1.21965
 0  1    9    24     1.76909
 0  1    9    25     1.37651
 0  1    9    26     1.29822
 0  1    9    27     1.21908
 0  1    9    28     1.61622
 0  1    9    29     1.04459
 0  1    9    30     1.01453
 0  1    9    31     0.930508
 0  1    10    0     1.20837
 0  1    10    1     1.17572
 0  1    10    2     1.10359
 0  1    10    3     0.947992
 0  1    10    4     1.74963
 0  1    10    5     1.22818
 0  1    10    6     1.44735
 0  1    10    7     1.42182
 0  1    10    8     1.81254
 0  1    10    9     1.05325
 0  1    10    10     1.15184
 0  1    10    11     1.52144
 0  1    10    12     1.11049
 0  1    10    13     1.11251
 0  1    10    14     1.06853
 0  1    10    15     1.13787
 0  1    10    16     1.06377
 0  1    10    17     1.1214
 0  1    10    18     1.01687
 0  1    10    19     1.09449
 0  1    10    20     0.894663
 0  1    10    21     1.36177
 0  1    10    22     1.53838
 0  1    10    23     0.904087
 0  1    10    24     0.90404
 0  1    10    25     1.35985
 0  1    10    26     1.27726
 0  1    10    27     1.00698
 0  1    10    28     1.1007
 0  1    10    29     1.1537
 0  1    10    30     0.914653
 0  1    10    31     1.02193
 0  1    11    0     0.952113
 0  1    11    1     1.13785
 0  1    11    2     1.09181
 0  1    11    3     1.20712
 0  1    11    4     1.51658
 0  1    11    5     1.44154
 0  1    11    6     1.57335
 0  1    11    7     1.32969
 0  1    11    8     1.2769
 0  1    11    9     1.30931
 0  1    11    10     1.35816
 0  1    11    11     1.37046
 0  1    11    12     1.09159
 0  1    11    13     1.20263
 0  1    11    14     1.1472
 0  1    11    15     1.1896
 0  1    11    16     1.11526
 0  1    11    17     1.05402
 0  1    11    18     1.1791
 0  1    11    19     1.26329
 0  1    11    20     1.03944
 0  1    11    21     1.12
 0  1    11    22     1.11179
 0  1    11    23     1.11808
 0  1    11    24     0.842159
 0  1    11    25     1.05455
 0  1    11    26     1.10191
 0  1    11    27     1.33432
 0  1    11    28     1.00879
 0  1    11    29     1.14222
 0  1    11    30     0.993431
 0  1    11    31     1.04122
 0  1    12    0     1.18141
 0  1    12    1     1.49519
 0  1    12    2     1.66412
 0  1    12    3     1.23913
 0  1    12    4     1.28461
 0  1    12    5     1.1275
 0  1    12    6     1.1829
 0  1    12    7     0.994058
 0  1    12    8     1.37895
 0  1    12    9     1.08795
 0  1    12    10     1.28028
 0  1    12    11     0.982565
 0  1    12    12     1.29565
 0  1    12    13     1.29549
 0  1    12    14     1.279
 0  1    12    15     1.21259
 0  1    12    16     1.17817
 0  1    12    17     1.33449
 0  1    12    18     1.20514
 0  1    12    19     1.16667
 0  1    12    20     1.00511
 0  1    12    21     1.14
 0  1    12    22     1.05805
 0  1    12    23     1.04572
 0  1    12    24     1.27947
 0  1    12    25     1.10423
 0  1    12    26     1.00504
 0  1    12    27     1.20499
 0  1    12    28     0.884325
 0  1    12    29     0.896913
 0  1    12    30     1.13537
 0  1    12    31     0.884186
 0  1    13    0     1.25592
 0  1    13    1     1.25636
 0  1    13    2     1.23473
 0  1    13    3     1.48344
 0  1    13    4     1.15204
 0  1    13    5     1.32264
 0  1    13    6     1.34602
 0  1    13    7     1.36175
 0  1    13    8     1.11018
 0  1    13    9     1.50316
 0  1    13    10     1.37755
 0  1    13    11     1.28838
 0  1    13    12     1.25986
 0  1    13    13     1.04301
 0  1    13    14     1.09773
 0  1    13    15     1.33634
 0  1    13    16     1.13899
 0  1    13    17     1.01493
 0  1    13    18     1.03525
 0  1    13    19     1.17491
 0  1    13    20     1.05109
 0  1    13    21     1.22847
 0  1    13    22     1.43239
 0  1    13    23     1.11806
 0  1    13    24     1.05699
 0  1    13    25     1.16528
 0  1    13    26     1.28331
 0  1    13    27     1.20535
 0  1    13    28     0.991223
 0  1    13    29     1.18963
 0  1    13    30     1.06438
 0  1    13    31     1.00912
 0  1    14    0     1.56487
 0  1    14    1     1.05085
 0  1    14    2     1.05384
 0  1    14    3     0.932879
 0  1    14    4     1.33081
 0  1    14    5     1.31542
 0  1    14    6     1.53729
 0  1    14    7     1.17891
 0  1    14    8     1.28423
 0  1    14    9     1.38155
 0  1    14    10     1.7
 0  1    14    11     1.22366
 0  1    14    12     1.18933
 0  1    14    13     1.04917
 0  1    14    14     1.0874
 0  1    14    15     1.07158
 0  1    14    16     1.06196
 0  1    14    17     1.09273
 0  1    14    18     1.31094
 0  1    14    19     1.02515
 0  1    14    20     1.03509
 0  1    14    21     1.03226
 0  1    14    22     1.05725
 0  1    14    23     1.33346
 0  1    14    24     1.2788
 0  1    14    25     1.14587
 0  1    14    26     1.12941
 0  1    14    27     1.41173
 0  1    14    28     0.997361
 0  1    14    29     1.10463
 0  1    14    30     1.14803
 0  1    14    31     1.39261
 0  1    15    0     0.988947
 0  1    15    1     1.11242
 0  1    15    2     0.961199
 0  1    15    3     0.965758
 0  1    15    4     1.14001
 0  1    15    5     1.41739
 0  1    15    6     1.25445
 0  1    15    7     1.10189
 0  1    15    8     1.11011
 0  1    15    9     1.35384
 0  1    15    10     1.31237
 0  1    15    11     1.14525
 0  1    15    12     1.12445
 0  1    15    13     1.46761
 0  1    15    14     1.30573
 0  1    15    15     1.11489
 0  1    15    16     1.11416
 0  1    15    17     1.48849
 0  1    15    18     1.46014
 0  1    15    19     1.29569
 0  1    15    20     0.987504
 0  1    15    21     1.24828
 0  1    15    22     1.15378
 0  1    15    23     1.01391
 0  1    15    24     1.17721
 0  1    15    25     1.32763
 0  1    15    26     1.16729
 0  1    15    27     1.11454
 0  1    15    28     1.06763
 0  1    15    29     1.19721
 0  1    15    30     1.05752
 0  1    15    31     1.06088
 0  1    16    0     0.873519
 0  1    16    1     1.14834
 0  1    16    2     0.984208
 0  1    16    3     0.942051
 0  1    16    4     1.34602
 0  1    16    5     1.09433
 0  1    16    6     1.12435
 0  1    16    7     1.11088
 0  1    16    8     1.17514
 0  1    16    9     1.1633
 0  1    16    10     1.15022
 0  1    16    11     1.11166
 0  1    16    12     1.09689
 0  1    16    13     1.05444
 0  1    16    14     1.37697
 0  1    16    15     1.12276
 0  1    16    16     1.09899
 0  1    16    17     1.27315
 0  1    16    18     1.45356
 0  1    16    19     1.1737
 0  1    16    20     1.09759
 0  1    16    21     1.14779
 0  1    16    22     1.42009
 0  1    16    23     1.31541
 0  1    16    24     1.01756
 0  1    16    25     1.11107
 0  1    16    26     1.27778
 0  1    16    27     1.1362
 0  1    16    28     1.09235
 0  1    16    29     1.20698
 0  1    16    30     1.39877
 0  1    16    31     1.22459
 0  1    17    0     0.933302
 0  1    17    1     1.08375
 0  1    17    2     1.08355
 0  1    17    3     0.967494
 0  1    17    4     1.0425
 0  1    17    5     1.00753
 0  1    17    6     1.08727
 0  1    17    7     1.60565
 0  1    17    8     1.10121
 0  1    17    9     1.02294
 0  1    17    10     1.0316
 0  1    17    11     1.58719
 0  1    17    12     1.16326
 0  1    17    13     1.2389
 0  1    17    14     1.11527
 0  1    17    15     0.941109
 0  1    17    16     1.12147
 0  1    17    17     1.18246
 0  1    17    18     1.18382
 0  1    17    19     0.957727
 0  1    17    20     1.29114
 0  1    17    21     1.33218
 0  1    17    22     1.23488
 0  1    17    23     1.21606
 0  1    17    24     1.06707
 0  1    17    25     1.32775
 0  1    17    26     1.30538
 0  1    17    27     1.1027
 0  1    17    28     1.3232
 0  1    17    29     1.3405
 0  1    17    30     1.26029
 0  1    17    31     1.05488
 0  1    18    0     1.01006
 0  1    18    1     1.13628
 0  1    18    2     1.20345
 0  1    18    3     1.06681
 0  1    18    4     1.56108
 0  1    18    5     1.59292
 0  1    18    6     1.39948
 0  1    18    7     1.07679
 0  1    18    8     1.50441
 0  1    18    9     1.6472
 0  1    18    10     1.57221
 0  1    18    11     1.19651
 0  1    18    12     0.87308
 0  1    18    13     1.08888
 0  1    18    14     1.05817
 0  1    18    15     1.9969
 0  1    18    16     0.887695
 0  1    18    17     1.14673
 0  1    18    18     1.14753
 0  1    18    19     1.94994
 0  1    18    20     1.19382
 0  1    18    21     1.23774
 0  1    18    22     1.2866
 0  1    18    23     1.0984
 0  1    18    24     1.02181
 0  1    18    25     1.38098
 0  1    18    26     1.22395
 0  1    18    27     1.11729
 0  1    18    28     1.27867
 0  1    18    29     1.15735
 0  1    18    30     1.25393
 0  1    18    31     1.15024
 0  1    19    0     1.22994
 0  1    19    1     1.157
 0  1    19    2     1.15824
 0  1    19    3     1.24149
 0  1    19    4     1.37055
 0  1    19    5     1.0797
 0  1    19    6     1.10387
 0  1    19    7     1.61248
 0  1    19    8     1.06015
 0  1    19    9     1.0762
 0  1    19    10     1.07689
 0  1    19    11     1.7526
 0  1    19    12     2.01873
 0  1    19    13     1.33238
 0  1    19    14     1.13121
 0  1    19    15     2.18636
 0  1    19    16     2.15911
 0  1    19    17     1.25806
 0  1    19    18     1.3656
 0  1    19    19     1.50586
 0  1    19    20     1.33498
 0  1    19    21     1.04582
 0  1    19    22     1.77684
 0  1    19    23     1.04588
 0  1    19    24     1.21901
 0  1    19    25     1.13571
 0  1    19    26     1.1361
 0  1    19    27     1.69916
 0  1    19    28     1.22776
 0  1    19    29     1.31475
 0  1    19    30     1.17659
 0  1    19    31     1.46876
 0  1    20    0     1.59054
 0  1    20    1     1.33198
 0  1    20    2     1.36606
 0  1    20    3     1.43406
 0  1    20    4     1.39794
 0  1    20    5     1.33568
 0  1    20    6     2.04113
 0  1    20    7     1.8639
 0  1    20    8     1.49956
 0  1    20    9     1.59064
 0  1    20    10     1.881
 0  1    20    11     2.14138
 0  1    20    12     1.63272
 0  1    20    13     1.47036
 0  1    20    14     1.68428
 0  1    20    15     1.78369
 0  1    20    16     2.2129
 0  1    20    17     2.20069
 0  1    20    18     1.54682
 0  1    20    19     0.900901
 0  1    20    20     1.32423
 0  1    20    21     1.81283
 0  1    21    0     1.07466
 0  1    21    1     1.26706
 0  1    21    2     1.4818
 0  1    21    3     1.28133
 0  1    21    4     1.21472
 0  1    21    5     1.24207
 0  1    21    6     1.41504
 0  1    21    7     1.85327
 0  1    21    8     1.96121
 0  1    21    9     1.50345
 0  1    21    10     1.45394
 0  1    21    11     1.25575
 0  1    21    12     1.28506
 0  1    21    13     1.3301
 0  1    21    14     1.3313
 0  1    21    15     1.63413
 0  1    21    16     1.57179
 0  1    21    17     1.46954
 0  1    21    18     2.30397
 0  1    21    19     0.572461
 0  1    21    20     0.647244
 0  1    21    21     0.551395
 0  1    22    0     1.4244
 0  1    22    1     1.30433
 0  1    22    2     1.55353
 0  1    22    3     1.26407
 0  1    22    4     1.9153
 0  1    22    5     2.09925
 0  1    22    6     2.38487
 0  1    22    7     1.31312
 0  1    22    8     1.4021
 0  1    22    9     1.18751
 0  1    22    10     1.28264
 0  1    22    11     1.7566
 0  1    22    12     1.60045
 0  1    22    13     1.27656
 0  1    22    14     1.4542
 0  1    22    15     1.39812
 0  1    22    16     1.28417
 0  1    22    17     2.37663
 0  1    22    18     2.22643
 0  1    22    19     1.26317
 0  1    22    20     1.26031
 0  1    22    21     0.930896
 0  1    22    22     0.966711
 0  1    22    23     1.20293
 0  1    22    24     1.2753
 0  1    22    25     1.1228
 0  1    22    26     1.26994
 0  1    22    27     1.23491
 0  1    22    28     1.1738
 0  1    22    29     1.30237
 0  1    22    30     1.07689
 0  1    22    31     1.10048
 0  1    23    0     1.1284
 0  1    23    1     2.09333
 0  1    23    2     0.266543
 0  1    23    3     1.29898
 0  1    23    4     1.49077
 0  1    23    5     0.698974
 0  1    23    6     1.74619
 0  1    23    7     1.44693
 0  1    23    8     1.13609
 0  1    23    9     1.67735
 0  1    23    10     1.40154
 0  1    23    11     1.83497
 0  1    23    12     1.20652
 0  1    23    13     1.23063
 0  1    23    14     1.28902
 0  1    23    15     1.09926
 0  1    23    16     1.46028
 0  1    23    17     1.55429
 0  1    23    18     1.3976
 0  1    23    19     1.34311
 0  1    23    20     1.35876
 0  1    23    21     1.84488
 0  1    23    22     1.78006
 0  1    23    23     1.8043
 0  1    23    24     1.85439
 0  1    23    25     0.367088
 0  1    23    26     1.7958
 0  1    23    27     1.6658
 0  1    23    28     1.71758
 0  1    23    29     0.388821
 0  1    23    30     1.64543
 0  1    23    31     0.79251
